0,0,0,0,0,0,0,0,0,0,0,0,0,0,0,0,0,0,0,0,0,0,0,0,0,0,0,0,0,0,0,0,0,0,0,0,0,0,0,0,0,0,0,0,0,0,0,0,0,0,0,0,0,0,0,0,0,0,0,0,0,0,0,0,0,0,0,0,0,0,0,0,0,0,0,0,0,0,0,0,0,0,0,0,0,0,0,0,0,0,0,0,0,0,0,0,0,0,0,0,0,0,0,0,0,0,0,0,0,0,0,0,0,0,0,0,0,0,0,0,0,0,0,0,0,0,0,0,0,0,0,0,0,0,0,0,0,0,0,0,0,0,0,0,0,0,0,0,0,0,0,0,0,0,0,0,0,0,0,0,0,0,0,0,0,0,0,0,0,0,0,0,0,0,0,0,0,0,0,0,0,0,0,0,0,0,0,0,0,0,0,0,0,0,0,0,0,0,0,0
0.0832334512802102,-0.000960790050348293,-0.10399882254157,0.000970198852720478,0.213405897826118,0.000813837321280859,0.153016901998619,0.000656659575930176,0.0203319445493204,-0.000803628198910742,-0.103045075551647,-0.00197591479110552,0.105542142695734,0.00177630606059342,0.057139969176232,0.000409415893286535,0.092395006010242,-0.000525613188531294,-0.233726810476539,0.00134707087048236,0.206442245217847,0.000360918590414946,-0.0346682355687464,-0.000143449744821497,-0.0919849935186018,-0.000470044242924807,-0.0764281991124596,-0.000266366938487493,0.137935779286831,4.70838724426251e-05,0.100697267756757,0.00246812038060306,-0.105003247133532,6.01361356732053e-05,0.0513269909529818,-0.00124322049038354,0.19152974663435,-8.84482543361051e-05,-0.0552821357613653,0.000110717777779761,-0.0240428580050007,0.000443287887011287,0.144933971371667,-0.00174924502501987,0.174369090200028,-0.00126513940292749,0.0469327813697817,0.00138724044145283,-0.0909201568033556,-0.00260455664849504,-0.138486666655609,-0.0019450897930152,-0.109413363704692,-0.00280706116234172,0.159622936840935,-0.00128415583185577,0.096505601225076,0.00138138064550453,-0.269169008381904,0.00204162161306612,-0.00161985448626208,0.00194903455135982,0.00420855414753477,-0.000567256820756177,-0.00801171435524036,0.00358796010715078,0.150653449096314,0.000604889430130999,-0.00468695445574998,0.00163577170010886,-0.152333660850638,-0.00214795607250686,-0.0518399762889324,-0.000118292917258133,-0.114175716151922,0.00169081073074755,-0.0662761694438176,0.0023563360376882,-0.0788104655120968,-0.00200730882010762,0.0695158679819641,0.000332387481960545,-0.0689878427228622,-0.00301097782662026,-0.205816483457723,-0.00201024245067642,0.0171475901779252,-0.00139384189764815,0.138150516939283,0.00131538276293552,-0.0891703160756843,0.000252742484411525,0.0159804823143984,0.000265680514058636,-0.0394887821964114,-0.00121007793876287,0.0988735593494451,0.00352309843738809,0.0181262827083255,-0.000884018557459681,-0.00340262132933888,-0.000774157310308775,0.0847500360579538,-0.000924801977404281,0.0681318887702185,-0.00134885423656979,-0.0167313480280636,-4.11975753821173e-05,-0.147162243987645,-0.000853550651067365,0.0111888040213379,0.00136346968494716,-0.0168030990849786,0.000757948195350885,-0.0800119098550751,0.00193023183271651,0.117193874121379,-0.00161173013238348,0.103851551920542,0.00126094263841084,0.0148019695401045,0.00311133209151333,0.0517666524238995,-0.00145448697497207,0.163040129226902,0.000983060114970901,0.110687972295441,-0.000422634472428911,-0.119207285851216,0.000613315925089912,-0.102569489019226,-0.00168081846609799,-0.0486849246400745,-0.00163272842562212,0.238488613308066,-0.000811622064341948,0.0635018871015369,-0.00217022503191375,0.0207100093418052,0.00219740562493049,-0.087519085675117,-0.000254805152713791,-0.0346084535782146,0.000848246480680138,0.0217757703676188,0.000309144107208287,0.162043584001968,0.000807794516515475,-0.113614991643137,-0.000516704448320715,0.0635719682849111,-0.00293458883907128,0.0158613668574128,-0.000206404370716301,-0.0755096819501682,0.00158673788459387,-0.0570514692485218,-9.99922445389989e-05,0.0177127834454749,-0.00136189557797267,0.199267396246475,0.000257223051680412,0.0762077335394234,-0.000890372862217718,0.0923086663343861,-0.00293584792899946,-0.144111851897775,0.00118523726424999,-0.121308373428648,-0.00155871039301016,-0.0658093684962395,-0.00207765754408877,-0.0386588475863999,-0.000207945963643587,0.115332740848133,-0.00108147877765393,-0.115001158417373,0.00184548581443627,-0.156996721557171,0.000680723171913818,-0.101598118552471,0.000345986870719518,0.00786040371405537,0.000718429490189338,0.0119812143342348,0.00270595462370013,0.314190181603212,0.00154057360681857,0.0615029742340302,-0.000690416490398754,0.118379591950212,0.000602977150543214,-0.0520597890034379,-0.000496034903112825,-0.10575910282049,-0.000454027103399232,0.00728200010504714,-0.000379987610761291,-0.0517148231324435,0.00279401246144127
-0.0320588246085615,0.00346778546044344,0.00694595236251228,-0.00591447567823479,0.182830371842099,0.0118972288047143,0.161113527692757,0.00919866338569475,0.105647164666916,-0.00132949902961965,-0.335839315828603,-0.00726858639228364,0.0347810900028808,0.00695949407111885,0.101643807117872,0.00502121698096351,0.128271630345488,0.00561987168592579,-0.286148227369555,-0.00975363135286194,0.286878264513201,0.00832640417075456,-0.107005673494083,-0.00369670646640107,-0.282485006871086,-0.00351979988823682,-0.0725820184218978,-0.00248006637353771,0.260301826052722,0.00730926722205556,0.166386549906408,0.00807987345432457,-0.0594839265687152,-0.00517923755170837,0.108814720101095,0.00106177672809909,0.097392723424262,0.0100324253540047,-0.127956777834718,-0.00184349302214614,0.102060662872118,-0.000120111729007475,-0.021603869233363,0.0046210102037596,0.295289307862163,0.00651593823876498,-0.143325843892635,0.00439040482904852,-0.0649345993110629,-0.0102161576871882,-0.105269500666955,-0.00633986787893756,-0.0611149398926496,-0.00898644508832403,0.284581689666138,0.00794417250982564,0.247226815344254,0.00438897172261181,-0.412761190787524,-0.00876978897604511,0.110242596240822,0.00045262714662392,0.15366168343321,0.0026673906052066,0.164583316451758,0.00351376204678398,0.360923060622431,0.0107894699410697,0.0604503777557327,0.00362722465183646,-0.176081162072847,-0.00971633133744177,-0.0133228259091892,-0.00122207634363258,-0.0993974013021721,-0.00537728983326083,-0.0925100583628692,-0.00437344829708948,-0.0768996618956461,-0.00567840300468053,0.16460794596849,0.00147130649949797,-0.156440093094695,-0.00373986007732546,-0.0507135844351612,-0.0120563660668509,0.023826859744294,0.00203169515039561,0.217723234753889,0.00804877870343997,0.0852980909085293,-0.00496467466068901,-0.0464961453067052,-0.000240740779304244,0.134074554495815,-0.00333678186861727,0.200216892607346,0.00914396368379331,-0.135813508036596,-0.00381330167115584,-0.0809343658739262,0.000228319887829591,0.119780048634328,0.00329172959829714,0.0747746422968526,0.0023704331257783,-0.105819273806898,-0.00172700982148033,-0.222426390894113,-0.00833688923162036,-0.0598179430066112,-0.00103832552203557,-0.128705293414009,-0.000325430803044438,-0.0581642016744914,0.000142124122216673,0.151464062027946,0.00329116322252756,0.0339821976006899,0.00550050327569801,0.15226612736044,-0.000321282929478993,-0.0367393539368861,0.00273709884588778,0.0704819459108554,0.00988922033242605,0.0246540512941313,0.00356661115507739,-0.0517400067048347,-0.00585285249376833,0.00580386472779838,-0.00916327150215562,-0.0689392421483099,-0.00218825488178864,0.237291418752113,0.00932473355408612,-0.051834539940286,-0.00261513543054529,0.0906272184146308,0.00458426167669838,-0.170911421294413,-0.00567583337814291,0.0623584058595149,0.00165719928394334,-0.24010388993542,-0.00122420913883571,0.138178869193919,0.00933842215238758,-0.151174117895864,-0.0075738009937409,0.105716239592722,-0.000889394758095368,-0.106905304893723,0.00284433569907266,-0.114830963616512,-0.0021391030154933,-0.0411557884045931,-0.00361945339255396,-0.0883714120044229,-0.000509564623845521,0.168500878904198,0.00807064784030296,0.155248265504464,0.00246708571292373,-0.0305362830465234,-0.00044478397468429,-0.137760559878115,-0.00686290437838584,-0.105088824614998,-0.00727810119291636,-0.0177366838817203,-0.0059062409719992,-0.153936159418841,-0.00281872613312581,0.235265929816455,0.00278268108882555,-0.187511467156008,-0.00270855790566062,-0.0693557344578149,-0.00595352222432607,-0.0314803285170669,-0.00522014876520003,0.242219326326452,-0.000620317488206095,-0.111422632665926,0.00314856487677372,0.301251606210016,0.0146937542909153,0.115912190320236,0.00243958219832001,0.243573064516896,0.00484268883678848,0.0826008585846652,-0.00410838862385566,-0.0494094906618696,-0.00346757325997344,-0.150143013921668,0.000350406776582102,0.00828595473199662,0.00219072423908015
0.0391754960956813,0.00118992357913012,0.0750914196369632,-0.00515800528114748,0.0679904865182083,0.0173001508080352,0.35633246035184,0.0159403594330804,0.234795722689075,0.00390407407174358,-0.297810106877591,-0.0217256878555906,-0.0471090588537348,0.00553877693471887,-0.207525313551344,0.00818800057736381,0.361843781837139,0.0116551373294126,-0.23374636855233,-0.0212640974288078,0.217551123742486,0.0238799298533594,-0.179499994700641,-0.00864089156466609,-0.439205331294676,-0.0154123250015629,0.106163852511353,-0.00516671678485721,0.163483839135958,0.0207685907442454,0.370365617986275,0.0161571813660828,0.0729020130006608,-0.00874272858853936,0.0320353252160387,0.00690814875752491,0.138703306955983,0.0138246706237636,-0.259784557290359,-0.0068645052128807,0.16379330886686,0.00547611129098556,0.0375711265021156,0.00566031448355865,0.348756015486259,0.0219566078108266,-0.150900949784634,0.000440405359915505,-0.0274107027753558,-0.0148605163651177,-0.087551370844497,-0.0120880616549309,-0.0304407712843688,-0.00987788081082564,0.376105476325951,0.0229400576585426,0.174789860645171,0.0165630734391864,-0.214752575641952,-0.0304903666609671,0.174749771388752,0.00655944532951786,0.0845394794058847,0.0114936770596014,0.3553119463993,0.0125443794953449,0.374380487737707,0.0264164597383544,0.225225370833193,0.00533911818869388,-0.14111714988799,-0.0193207000044079,-0.134857816911645,-0.00439967016535019,-0.0991166130237103,-0.0105608839968381,-0.0407140951309011,-0.0126356161214945,-0.147893721487907,-0.00780598084222106,0.11855250746384,0.01227831043609,-0.204606561782535,-0.0095734745028144,-0.130832497279765,-0.0169825655269256,-0.190419384510281,0.00482116399489192,0.152432184746394,0.0184884110659228,0.197141023367334,-0.00015035459238631,0.0983330687081378,-0.00191239779884067,-0.0244568145902609,0.00153373590984726,0.13870295014497,0.0224904057556266,0.206482044930326,-0.0122832629398371,-0.0226555637587047,-0.00617173166986848,0.113135229723864,0.00765245465102916,-0.0553254551121487,0.00584505258150023,-0.043553831550916,-0.00711434823014453,-0.0987201535366809,-0.0203600958646133,0.0951756343486118,-0.000699446945419533,-0.0603853032424706,-0.00708877108037255,0.0307005162952902,-0.0012147252781708,0.335022778183338,0.00910912894168288,0.218214323101195,0.00683114019967007,0.251738764661602,0.00748117307259077,0.00973298075907377,0.000624771695272502,0.00489356089544171,0.0125315859286386,0.0260665449934885,0.00424125994473132,-0.134509142378857,-0.011824104271067,0.0499889793721752,-0.00584295728297469,-0.0210741915880665,-0.00561965957970914,0.129328713243906,0.0184953380242343,0.152228225341066,-0.00776884765557203,0.0914508753941344,0.0088964207383389,-0.249053977069718,-0.0118324303837379,0.00259277304658846,0.00570674781953206,-0.32328931725172,-0.0158578054045264,0.209311360315351,0.0133400611280077,-0.233080583774358,-0.0126242527226214,0.189809265344032,0.00302722277119284,-0.128390079806844,0.000592323735036954,-0.0914191683648159,-0.0105871398196429,-0.0241850468180176,-0.00522315026203839,-0.26287711088361,-0.00338384814103276,0.151227597740361,0.0131610432025312,0.0225987950936556,0.0084582050245144,-0.0494221829831458,-0.00247671577784687,-0.24921331925141,-0.0120686419678777,-0.182289068810263,-0.00968120552904958,-0.244933543074281,-0.00746053151556158,-0.228106806481288,-0.00973304753782563,0.131271360736623,0.0133594620083466,-0.229202367786447,-0.012114328099612,-0.0276732354958289,-0.0088964232048371,0.0406394750365661,-0.00618624481821726,0.0464674230982924,0.0106239765265118,-0.0656177286044449,-0.00191542771271178,0.384485770185633,0.0282173564155775,0.0918589072938784,0.00833849367969881,0.389898681127761,0.0168987595293204,0.0869648058525505,0.000433203115613514,-0.132086343208772,-0.00390498285310985,-0.0645980823352353,-0.00542700845835291,-0.0353707883725969,0.00460612235063886
0.187383808532287,0.00401439756427745,0.0596194479946932,0.000512089303355796,0.0173338911807414,0.0209859778223059,0.394648435474583,0.0329792526857503,0.17110052507638,0.0153343593208406,-0.470856241994706,-0.0329364727925375,0.0752855024349908,0.00436321331061806,-0.149269109253745,-0.00286121473455609,0.282649361024914,0.0282680696211597,-0.170048240217528,-0.0303528840502784,0.141431354822868,0.0339484974496631,-0.341415182510817,-0.0163241815466602,-0.353797077138147,-0.0325867564428096,0.130214908531867,0.000421318522786102,0.0691875328700266,0.0286206895416627,0.433666575527381,0.0318836749639291,0.0582272780912166,-0.00424940913166626,0.0790112998678284,0.00884517748238483,0.201962123989758,0.0182244811758053,-0.329632049845816,-0.0177707112720734,0.116683860415697,0.011364027361966,-0.0235756314594182,0.00849656501937417,0.396674262757402,0.0395337606010755,-0.313384970129314,-0.00781797328312103,0.09032528478254,-0.0146040975009056,-0.0591646443371714,-0.0144562631267565,-0.0348116926173724,-0.00999439049236892,0.377432243775158,0.0380302308511785,0.0503094820270507,0.0256564012351317,-0.288444972551233,-0.0389504605944487,0.348689594282879,0.0154387707563159,0.0834883790381002,0.0163119497104187,0.233375325437163,0.030951608563105,0.380451466023909,0.0417100770109477,0.301088041425885,0.0184499683589299,-0.103290320385554,-0.0248680792159563,-0.224564918161625,-0.0102644720023884,-0.21461606307658,-0.0165287204351738,0.118706952244714,-0.0150218370967205,0.0162336304481212,-0.0123851799494608,0.0568444343386993,0.0157226755508109,-0.258796542589958,-0.0195914667576611,-0.362345046583309,-0.0223279448159204,-0.255671201038932,-0.00377488566688509,0.0454556994302858,0.0248684028967866,0.355237728423658,0.00602058196386858,0.0188105543864423,0.0029841318355998,0.182226211337705,-0.00195282589091356,0.127545361826959,0.0313386955317754,0.292793152061348,-0.00161836613446531,-0.0362541496597439,-0.0100071893212165,0.00291817818608864,0.0121647052986164,-0.260659117390505,0.00224458039209083,0.0123200519715013,-0.00660456355913125,0.103430622643645,-0.0253806345708457,0.242297251811498,0.0027335137571947,0.128566967492926,-0.0115836582783942,-0.0586189099456008,-0.000615729577326362,0.481627622356831,0.0248683008981858,0.297922763185959,0.017078276644343,0.177818600639121,0.0184047435715215,-0.258695067111052,-0.00107328045125154,0.21736645180604,0.0131271240983236,0.0992266180765674,0.00696143197142083,-0.158035420360193,-0.0209772497351111,-0.02999900354825,-0.000641771218026773,-0.0112208350969917,-0.00478672483708396,0.134473929189723,0.0266138784365288,0.18432534475359,-0.00151598638379688,0.0735216413786333,0.0120906333254651,-0.288770800049408,-0.0245886631705205,0.0975829867978275,0.00558781803024132,-0.164458072815516,-0.0279624288977306,0.226374479696925,0.0214240022852631,-0.385827439735804,-0.0229852621292315,0.152001844023545,0.0100850972706224,0.027295332893865,-0.0040898463161405,-0.185877349098151,-0.013122533056259,-0.0531253077681575,-0.00671051871658619,-0.207380475282069,-0.01637507387088,0.0677814022841633,0.0209654387352573,0.141642566869434,0.00922005051232685,-0.119812456298661,-0.00405296705908204,-0.24683672528171,-0.023729971998644,-0.146032240385581,-0.0183479663103268,-0.461199990894575,-0.0193366834359039,-0.154541791972938,-0.0196629916178746,0.0782732107790567,0.0183441364154207,-0.127772527207412,-0.0232889973195902,-0.0380548205551316,-0.00953220982565154,-0.03738757679365,-0.00344574303575499,-0.00696314901527638,0.0158804820498107,-0.0183883379193221,-0.00454740043104907,0.657494024617253,0.0466068238191168,0.0958292522122218,0.0109626905935864,0.469702770579822,0.0338039256626409,0.272374670644065,0.00441070006501163,-0.177741352616912,-0.00966935929720739,-0.0131992087140712,-0.0086167888286378,-0.0407463348606108,0.00232925628741572
0.176103331312889,0.0124336166902472,0.046013378288245,0.0032535305029401,0.000864435714122652,0.0189011445366353,0.339215651916679,0.0483804215351625,-0.0293410510082884,0.0224438717551172,-0.502449087220191,-0.0534273131406296,0.0766377049142921,0.00578855038087383,-0.0815051747380269,-0.00774503780342451,0.444746256088085,0.0396000008281623,-0.173316689124116,-0.0361320459778553,0.00967730762756239,0.0403058095731023,-0.364601616933484,-0.0289863033558007,-0.459785213895434,-0.0477528942138799,0.160083361971804,0.00848567902408523,0.138626448430514,0.0312686284841734,0.378228548027221,0.052733098910891,0.058434109130022,0.00245683035713342,0.235206820390148,0.0124106564613799,0.0925198973070685,0.0263903163789066,-0.466513621705046,-0.0321307568134066,-0.00715105457733444,0.0169981630674722,-0.097107198647643,0.00691349293389311,0.383091189215714,0.0565896176827545,-0.302013896638355,-0.021348738017945,0.0788788614517785,-0.00886607674715734,0.115018543011691,-0.0159514083641163,0.0821898849934956,-0.00944209979844724,0.220367362306432,0.0516239198785669,-0.0394982571039942,0.0260464786147653,-0.315338713398567,-0.0497722229773177,0.43003602900506,0.0318655638857415,0.319631028556092,0.0185834127216842,-0.0504974768699704,0.041098889234962,0.442803923360915,0.0549346161531622,0.286263944090572,0.0339875958873226,-0.111635499731008,-0.0281687267355265,-0.164897280088082,-0.0210868407595559,-0.216213764269622,-0.026801035533676,0.0960022256232633,-0.00958696491288069,-0.0905760845391542,-0.0110780055034831,-0.0991965525911465,0.0177392461043937,-0.387516405729807,-0.0297039493245677,-0.33698626202607,-0.0394195918255126,-0.196683078760216,-0.016991913581151,0.279282291997084,0.0266461222294645,0.265213955537193,0.0245456226934442,-0.00211586566516864,0.00348923955192437,0.13302332186181,0.00830166576549281,-0.0431168180048585,0.0348585580975517,0.476187816122468,0.013002908582526,-0.0274162888768707,-0.0103148900380226,-0.0890713611899121,0.0114717529187172,-0.277180040590631,-0.0123744500310632,0.0258967062165776,-0.00718352236794884,0.0717777137392793,-0.0219453527337711,0.42895281239587,0.0165254795616589,0.247630859918425,-0.00559164190818641,-0.0808564939248558,-0.00347516022898104,0.587259640934276,0.0461035639700841,0.195764498840932,0.0282050899204274,-0.0209445636331898,0.0279537745497268,-0.323893697517776,-0.0140822873205109,0.186583721982457,0.020212672744284,0.0267876956560003,0.0099678734252812,-0.0856534254714379,-0.0281640487788087,-0.14179183018854,0.000993082144200202,0.0957876690194928,-0.00771144337623015,0.125337740044209,0.0340529689295497,0.0421973107489034,0.00574348859267812,0.116236644618662,0.0186515887396082,-0.157213085387359,-0.0390436170996519,0.170350026209105,0.0100583837413877,-0.176107425545805,-0.0350011357787235,0.176713352040802,0.0287525309679886,-0.326233759624759,-0.0407965033339434,0.149023233293023,0.0171800496172026,-0.0402160962942957,-0.00237777460240594,-0.0916818546320367,-0.021368051444206,-0.122273274281644,-0.00960556230358791,-0.131809627853274,-0.0227982175951895,0.00610551753052284,0.0238002047044773,0.0476108456721548,0.0142422641838503,-0.0607499622322742,-0.00851267923506801,-0.21572274283761,-0.0363899778296541,-0.244983956879874,-0.0228584870091522,-0.387153786171757,-0.0400217435270308,0.0161490716250399,-0.0267740827459591,0.0232297244761855,0.0178556626198104,0.0214654766547785,-0.0308670653302821,-0.0174582853391254,-0.00973218250953426,-0.0405326212400265,-0.00574751068273392,-0.0776997733850667,0.0153125045217964,-0.0372737450059877,-0.00379805156974536,0.615871548567048,0.0750625605636994,0.205889509802027,0.0155469054636451,0.54343540469893,0.0532883809676444,0.376998554726607,0.0159501178079668,-0.271738004514993,-0.0176889291394552,-0.0487494860281925,-0.0083508846487432,-0.0963339245886573,4.23593517160448e-05
0.10287731004319,0.0211749981132406,-0.0811684902543007,0.00426876618902477,0.0776535962653506,0.0197201263132619,0.286044409604061,0.0608798146736321,-0.170995987033451,0.0221137862219431,-0.50152107046932,-0.0740149472284539,0.0436758179986438,0.00859292707369921,0.0325157350632289,-0.00923060634594835,0.457776836452059,0.0575230822153366,-0.279997712011443,-0.0409768759204797,-0.0916482739316496,0.0406107114434165,-0.478602577599131,-0.0461125343694314,-0.361246258903164,-0.0673526063266698,0.0254187629443218,0.0144345037792185,-0.134339219403894,0.0352676290584811,0.25283910830105,0.0659311594852006,0.122344911630557,0.00335276194735932,0.2005203727269,0.0240416157799728,-0.0350481006412722,0.0312321026188148,-0.334117403621642,-0.0530236300046371,0.260491412120031,0.0163804704847512,0.0158847855435351,-0.000156720476435669,0.448794240445144,0.0712157309405659,-0.384607010997387,-0.0342744836917168,-0.0549077515707768,-0.00597814974928202,0.236390283407553,-0.00925332538795837,0.191318060942022,-0.00450103587209902,0.219046709304011,0.0594950962264931,-0.142302670706283,0.0216562542820219,-0.190172683862754,-0.0637969696520589,0.591478423112699,0.0518726432863676,0.294604752162429,0.0352458097076056,0.154431531587517,0.0369176193265913,0.378838928173157,0.0746639636098772,0.0224711609236946,0.0468866555938839,-0.144266219088079,-0.0324403974284483,-0.112429438126206,-0.0285825728504446,-0.222948962087902,-0.0337380467211229,-0.236983873655271,-0.00215307585764175,-0.0610670018212105,-0.0167464732468643,-0.102299743286511,0.0111065416103046,-0.0820763528379207,-0.0436365802223641,-0.499617756105803,-0.0518598725676815,-0.188129255578306,-0.0244469198045632,0.254070834549114,0.0384105605016836,0.186056314650716,0.0346644989001931,0.0835955064638219,0.00331461075895152,0.376908287412538,0.0127953950324673,0.0376057781953121,0.0301454455776733,0.43184291340322,0.0352610205114682,0.0770085382086759,-0.0126332752401974,-0.159486907804246,0.00283251946282689,-0.119526214806561,-0.0245248222254806,-0.189175015226067,-0.00841693470869249,-0.034835203125584,-0.0167723976636294,0.423484418987492,0.0373014458952108,0.254683988189196,0.00386763510550533,0.154460188686219,-0.00781552645320459,0.488091996278112,0.0734824778071715,0.0780586490712537,0.0355576712641639,0.0442977408707829,0.025787302194325,-0.332704136391695,-0.0304086746601738,0.247745451983531,0.0291029098992107,0.182300668819583,0.00700371548518068,-0.0469901201953696,-0.0300754896182108,-0.213360080185438,-0.00651316813712213,0.0524152901872589,-0.00146563047075586,0.0639070681390011,0.0379521247372808,0.065527983789785,0.00780940363837825,-0.00594312809240329,0.0231497234052814,-0.171977746239256,-0.0468353364227123,0.200844694033388,0.0181715994965318,-0.218960331955799,-0.0395228507918101,0.113910856764905,0.0364359452387948,0.0129597712854546,-0.056298221563529,0.154814029494091,0.0213781470598126,0.047636424305748,-0.00106674982451967,0.0129221188318343,-0.0237213062383527,-0.212683639623484,-0.013875040035419,-0.206059940789278,-0.0297647445196513,-0.146708847697606,0.0194787626974431,0.101511489486952,0.015937952353826,0.108974864730511,-0.00979480391315848,-0.192560066833466,-0.0446457317262251,-0.18839463633506,-0.0344788427262427,-0.347009241631309,-0.0534417073034781,0.0915400041964323,-0.0255099401746714,0.0523427767270362,0.0166274636256681,-0.0613251143869107,-0.0279229839450888,-0.135591154155281,-0.0136059080284201,-0.069491584179013,-0.00747508031470165,-0.222965275006506,0.0122346296880296,0.061352456198209,-0.00521955666139235,0.422838184118666,0.103303339359484,0.284909237347621,0.0249257369485224,0.596992144512259,0.0786758377735866,0.364804767129848,0.0327624475288915,-0.199067932069832,-0.0281087144368478,-0.175840194879374,-0.0148802202253277,0.0773563439205384,-0.00342373170790998
0.0649121859548731,0.0222813154869196,0.0698365772407196,-0.00152821697337087,-0.0187133980087944,0.0259148403461279,0.185177498808155,0.0739705079526318,-0.185128358870776,0.0139362654055889,-0.485430312759501,-0.0916417997004525,-0.0274524266880805,0.00736451343415668,-0.216291301370372,-0.00632222791768506,0.566811728574225,0.0735031438212582,-0.126332532470786,-0.0526866955703569,-0.0854737820745475,0.0387781909864826,-0.564323219667795,-0.0670587253755337,-0.294733169973341,-0.0814678909726641,0.189643220526283,0.0152938183248519,-0.162494226867008,0.0264079830016916,-0.0510724821165424,0.0750912333474028,0.274765012716736,0.011501749580269,0.115707056784169,0.0333432382733897,0.0567014671573806,0.0266141073310173,-0.393433234377,-0.0667070669854985,0.389929619209789,0.0316921120080416,0.0804041383041533,-0.00150386927992312,0.165338175784641,0.0863702785814946,-0.3794687736851,-0.052036221529272,-0.211466120618371,-0.00861902613136894,0.396482511323326,0.00432625031195059,0.115347786622617,0.00814612646572328,0.164304412928941,0.0673522952670966,-0.200969775267782,0.013998848270993,-0.152018991083905,-0.0678917153523197,0.515536680541811,0.075702066783402,0.231000017787514,0.0501614631537489,0.0934521049856713,0.0442092332814051,0.391358940934722,0.0907395477794028,0.0433457969413341,0.045480201335759,0.000594836671515443,-0.0383453672389037,-0.344955495096919,-0.0344733523559854,-0.255331259426925,-0.0442283730347578,-0.409568097180045,-0.0152212807706329,-0.0757984689830436,-0.0180523270627363,-0.0121909317287864,0.00724437412726068,-0.0631126061376412,-0.0440053621287078,-0.552417836794232,-0.0728002371601703,0.0372900951482875,-0.0364025698389089,0.267405496666611,0.0492464321733652,0.0346783736049669,0.0424416870358704,0.134156381574723,0.00661221022569111,0.448609495846472,0.0354163901904556,-0.0164229784965616,0.0285058361414433,0.484825061444008,0.0559289497411902,0.14380697270827,-0.00749627888220385,-0.218864503609619,-0.00409768907196177,-0.0630850593362715,-0.0294816101921639,-0.10241351142405,-0.0157957598136266,-0.00955681316949534,-0.0183245728467464,0.511803977208986,0.0582426917202661,0.323359950677985,0.0189636316629422,0.174587453225934,0.00184786252944497,0.469544851804692,0.0927388782034072,0.1308531540693,0.0389791083202299,0.114301060714429,0.0285898025744903,-0.478161979122192,-0.0467732157264299,0.274717253358048,0.0387112752716661,0.0980640528818263,0.0168968999443476,-0.0233296127640932,-0.0312248505097001,-0.238211629825856,-0.0179743080798447,-0.0263026187388895,0.00288721384358907,0.00472356558069653,0.0359996375551326,0.143175317724555,0.0123566584329978,0.195629267162989,0.0214870292495848,-0.130246175589544,-0.0524130642381143,0.194784576406269,0.0288700523976984,-0.105849054202128,-0.0470474946532413,0.24870290983517,0.0414102025939347,0.179580411775954,-0.0539700187548927,0.312800054390085,0.0273225488024731,-0.1164584416204,-0.000239852495592353,0.0869749013944193,-0.0189902952456779,-0.230236856325841,-0.023992868739252,-0.240363278433209,-0.0374763801684024,0.00701899834062536,0.0136763110842652,0.217535696344348,0.0194114380040654,0.367136439659238,-0.00120989812981643,0.137606137915816,-0.0505043802503952,0.0194375184224028,-0.0428059297747018,-0.284276688299257,-0.0650080089535758,0.0893865375682066,-0.0190973319578189,0.180079952671138,0.0141499406607733,0.0149060346196105,-0.029487713840268,-0.0876215195082631,-0.019661496154733,-0.0954604477203192,-0.00943406557808228,-0.110085199615281,0.00366243453973461,0.0733421121477253,0.000283020734677573,0.375291510009692,0.117195853140229,0.362217852415239,0.036429521459368,0.523327031676774,0.102858785234449,0.124562362737442,0.047463903316368,-0.0308053459206918,-0.0370926486775218,-0.0980755209482469,-0.0194251405570916,0.0687178203850774,0.00201475152724929
0.00986926648266697,0.0254784309591635,0.0593890942042966,0.00434630477913511,0.0390712982973293,0.0229444123415863,0.115371571694141,0.0794768216471058,-0.199633515373893,0.00448249522112215,-0.248563582988872,-0.111985803212261,-0.141184212146794,0.00615676069960069,-0.185921281274483,-0.0185267045817687,0.564995643136784,0.0972972406282435,-0.0410574659931741,-0.0555669535517242,-0.308552266720322,0.0295060496008053,-0.368018036952407,-0.0896134214049881,-0.434134346453769,-0.0876727284450968,0.116176214703525,0.0205354807913575,-0.453611475596387,0.0161691142330248,-0.333307131411319,0.0681408622958296,0.13776471093701,0.0261988015924176,-0.0259836783615603,0.036397352044498,0.00612327827213652,0.0275778017107123,-0.415187016985662,-0.0816590753672695,0.346434886892927,0.0489143621665445,0.0144291023898279,0.000251611748882146,0.144085995386315,0.0888372240576239,-0.262180574775515,-0.0669201032614961,-0.0856421886689126,-0.0178051135841673,0.32007014054149,0.0221619769598037,0.143138994696752,0.0127889835232237,0.0040070783928476,0.0711314543924452,-0.148763172328064,0.00419750892177894,-0.252544786902622,-0.0731129781344183,0.604086683221868,0.0974234207193866,0.24442280998641,0.0593669774341184,0.0472064419325782,0.047563458645251,0.290516313922385,0.102680759449071,-0.13351612875421,0.0468975372729318,-0.0149915037118696,-0.0367798195928255,-0.454415171529619,-0.0492949638714574,-0.348088687380623,-0.0579685142249011,-0.263681834036391,-0.0330197440404172,-0.00822036972185035,-0.0220044070384863,0.112607125061424,0.00707232820881793,-0.042624601326633,-0.043961243516781,-0.397869529864302,-0.094137498887811,0.00348875123159442,-0.0322172258766278,0.221729646878691,0.0589354740655454,0.0642631130152123,0.0408495731186549,0.314025712468848,0.0149972767701582,0.503228174454195,0.0554086606227981,0.135020586671776,0.0264689378007561,0.455313770139759,0.0718623304022391,0.0900175130050836,0.00083894055218552,-0.0847537566820805,-0.0162901232822065,0.0425588922485644,-0.0280679406324398,0.0750064778604034,-0.0188729892824617,0.0212800963115109,-0.0200583019240692,0.351111938251564,0.0811646202154362,0.373950267223178,0.0331770484284314,0.212226989128847,0.0106418520321641,0.541486308783334,0.110084433720093,0.16559286504362,0.0421510949684319,0.165987959530509,0.0313899696675007,-0.537980871098962,-0.0649902390076443,0.137022596165115,0.0513601978379978,0.164754501037544,0.0197579275150897,0.016898396537127,-0.0326971652337599,-0.311200828299861,-0.0285740802385257,-0.161333799336021,0.00162073616435484,-0.154245810755845,0.032167000675619,-0.130041294102471,0.0179295105558991,0.105064853043739,0.0303047684557954,-0.118286754852859,-0.0543535147032508,0.248720030797604,0.0347658239414212,-0.070978267937377,-0.0487385862034417,0.439532184377414,0.0511428697049721,0.339966837597717,-0.0399149456396658,0.357612115420995,0.0383251338509832,-0.247893606839334,-0.00738697320815573,0.0945706546399318,-0.013533001408226,-0.244599725874531,-0.0358893178845473,-0.0848462469971246,-0.046592953118812,-0.132115450557315,0.013308527365368,0.152678236632567,0.0273127320203061,0.208103815917815,0.0165031692393343,0.0976106516980722,-0.0424972078890483,0.0363274394590958,-0.0376768355470611,-0.123490962404672,-0.0749130317950003,0.204522989796659,-0.0147820066843515,0.13551733986014,0.0210415772868531,0.0750514722121133,-0.0246674374175329,0.275056640118501,-0.0240573119623946,-0.19055433077121,-0.012815429605977,-0.0889636279915826,0.000609008257360122,0.0778047644489566,0.00266020263323684,0.146238103030406,0.128028112775573,0.309807455649454,0.0478123507870234,0.541208604645972,0.123284377063998,0.08054317841471,0.0516098878619006,-0.0200509713724139,-0.0378014768916126,-0.20290884137318,-0.0238962182904065,0.207478621636736,0.0064281330693774
-0.112617884081936,0.0237301892781662,0.00384755669960866,0.00948040820579301,0.0797289985188103,0.0229578760379284,-0.00518035296287103,0.0824616297490372,-0.146203378016649,-0.00124589710364603,-0.279495023963312,-0.116034487853665,-0.205241422881977,-0.0019820188435201,-0.321671513617557,-0.0276984910904779,0.519547709106079,0.120279716390204,-0.295924329609976,-0.0531299670748457,-0.452117415098875,0.0104904015910047,-0.209572091520208,-0.1008700043734,-0.180898484708679,-0.103505325696622,-0.1597022859537,0.0268083949722438,-0.324722633407097,-0.00910882572704211,-0.140775386712367,0.0504324140032098,0.118699246357645,0.034062767623614,-0.233133799373685,0.0329613715685997,-0.11272525379561,0.0237763044534638,-0.336646135248668,-0.0970171203529763,0.465311838978891,0.0635740206628139,0.114657427048065,0.00148507711378526,0.218375501137809,0.0907368265325038,-0.463165105542425,-0.0764582357552702,-0.0105745178487704,-0.0177497870856549,0.244067840786203,0.0374274269441565,0.102782091128344,0.0169540218155993,-0.159591707917807,0.064544961704997,-0.126603436936939,-0.00315794984672291,-0.180797328544478,-0.0832079086873714,0.559276929763431,0.121389210772982,0.0111937191513084,0.0669287349768254,0.0199715092975145,0.04568683117525,0.392394466728138,0.112195586004611,-0.185383343372914,0.0379444837418973,-0.0252410745504666,-0.0354687519882796,-0.315085957603796,-0.0694509925802404,-0.347669677148619,-0.0706180324888762,-0.254185823008658,-0.0459851082810271,0.0552303974583597,-0.0197549500395209,0.239048616680961,0.0108292833094734,0.00424335353331085,-0.0430063577471708,-0.208671614611366,-0.107336004451969,0.0224950320199826,-0.028829271471265,-0.0298554111533411,0.0692911505862671,-0.0246100466901422,0.0405281986168461,0.0668444328328332,0.0276825082341676,0.468602137704111,0.0755050343942324,0.0590780175603748,0.0317771404383961,0.173941607747821,0.0915639550158067,0.0563116467502197,0.00401007632213453,-0.217724627611593,-0.019674271788184,0.0723852852810772,-0.024315372552862,-0.0600610638878171,-0.0134086627954766,0.0630443457833451,-0.0173031533357408,0.430695034369442,0.0930536585679937,0.304672284097304,0.0515554203514367,0.0723040671454342,0.0205573708187758,0.220107695436735,0.12866769156527,0.182566480162874,0.0459766918498527,0.30848745877004,0.038488557496349,-0.638227027387349,-0.088413222316848,0.146396278513237,0.0553131907934649,0.0190242492603349,0.0254435273361922,-0.0120915091827235,-0.0295534008771289,-0.342938264222783,-0.0416975518892028,-0.186229249665428,-0.00262406318443273,-0.200077708101335,0.0238169928357156,-0.190926276598939,0.010571981812947,0.0879179144043295,0.0353028970684168,0.0129038403830576,-0.0555965081949388,0.421048277155751,0.047321987200809,-0.00723579876686221,-0.0499958034221421,0.602268742616077,0.0694019432842638,0.344214460779879,-0.0216019510737739,0.277680215695667,0.0515425240662285,-0.354880961080414,-0.016877042781973,0.116687429498515,-0.00692469172682532,-0.34906619501583,-0.0475775212842048,-0.103027673565604,-0.0495986800319101,-0.146386373044703,0.00760552194604239,-0.0183540333080441,0.0317653441146551,0.124347652383811,0.0258194550254632,0.280339031673518,-0.034736125926114,0.204062537692165,-0.0339443196268669,0.0061011359914674,-0.0753718697454635,0.179906584593396,-0.00532222719323552,0.082672379340052,0.0277230419293755,0.0612776570713781,-0.0184643967117534,0.195671505820527,-0.00883250782001472,-0.225286510509654,-0.02211313045091,-0.0269378914625764,-0.00312486073210702,0.206159781692156,0.00732123914690396,-0.150244583149798,0.129997888301043,0.356370326349554,0.0623760099686252,0.40743436755977,0.145263463559987,0.0653723721560361,0.0520304939566086,-0.0642440091786905,-0.037879476200917,-0.121197865832383,-0.033524127625084,0.234881378233828,0.0138632821654033
-0.115008771985541,0.0169990717060107,0.14020050019969,0.00681570408644494,0.0239580541677056,0.0237164990983889,-0.0249698998807817,0.0764968785930507,-0.104131930091752,-0.00990595423983071,-0.216790057231948,-0.121647435338734,-0.100540535105595,-0.0125154874768696,-0.284820007836412,-0.0414847251246417,0.678647121138506,0.141673218407305,-0.101072074703829,-0.0651300052028919,-0.34131401066604,-0.0116518882774991,-0.0129384253148318,-0.104148465777046,-0.158461547575021,-0.103528829369174,-0.30822989524393,0.0155296154320038,-0.263055565110597,-0.0231707745567304,-0.120939111061911,0.0414910576216882,0.19590525881094,0.0367573787182149,-0.0687095901615403,0.0186316653024559,-0.13767257941335,0.0170931826280879,-0.171867945543184,-0.109510091405726,0.550907684765242,0.0828690304537023,0.0369531068223266,0.00496994240879419,0.0948754650767318,0.0969443013616287,-0.472704709646228,-0.0951708281847907,0.048964375860305,-0.0177244225698622,0.332309220427229,0.0458900617420274,0.202298297214631,0.0220402073283341,-0.234932395168908,0.0530033622369579,-0.234349648146748,-0.0113072057169141,0.0900921609790802,-0.0838511788589927,0.46668624860795,0.142157251953403,-0.140631691232952,0.0635127128810956,-0.0986348405993429,0.0460861659186957,0.318267556944955,0.125174294434301,-0.438018639050315,0.0294285820868498,0.0902065888622588,-0.036872404732291,-0.317705635996115,-0.0837622567349038,-0.240251910897852,-0.0820885536069519,-0.316403795908999,-0.0554840100985341,-0.0405337926517942,-0.0150613139148105,0.360988767043582,0.0229888280388998,-0.267760800320137,-0.0428180433197406,-0.245297307205191,-0.113345162105539,0.190729117427819,-0.0256370888142574,-0.147753370144554,0.062552653634801,-0.0539515164868992,0.0376271610192334,0.138350293924791,0.0291195016508008,0.576340886199374,0.0950499577296665,-0.0763052241701123,0.0342986699797283,0.123178967769938,0.0959665877892736,0.00785961722119853,0.00795881339983817,-0.22662675128366,-0.0293233526188102,0.0669195828740195,-0.0190309498075378,-0.374084425286422,-0.0148520953177897,0.201545682155554,-0.0157204082680791,0.407720466750602,0.109738481067115,0.267637650149436,0.0637044090527447,-0.00186744727024184,0.0255050678937495,0.295016362646301,0.131114085384434,0.0697490150578492,0.0524405535434179,0.440594987645505,0.0514742992654515,-0.608498113160255,-0.112425747274793,-0.034829119735893,0.0588349261947087,0.0873770329486725,0.0219326977954578,0.0630549649163755,-0.03055872657193,-0.557143696824335,-0.0552465696928753,-0.165210153498789,-0.011309196947438,-0.160003012060744,0.0133464979875282,-0.181619789284053,0.00151679083015272,0.209012163720541,0.0398963722910888,0.00954284705300268,-0.0479809347261368,0.321997822694822,0.0679048154986548,-0.0500519449851564,-0.0468903693119228,0.816797027604603,0.0931134074311437,0.152656364875727,-0.00536075356349113,0.181273101257269,0.0648469293287371,-0.302735819780219,-0.0323537406851677,0.100646442093141,-0.00344317498010583,-0.175665631956687,-0.061830624398601,-0.0656999612715995,-0.0515316611803584,-0.276057439606653,-0.000953824291194447,-0.107156540235449,0.0287208591510351,0.0585027972630886,0.0326254525211547,0.195203232601194,-0.0217207742130366,0.182399062805214,-0.0236852609688418,0.229514074128562,-0.06970349225395,0.255306418951263,0.00423599198972599,0.118680930707088,0.0310418455268262,0.185586434554592,-0.015652580608052,0.144274910844331,0.000512832608674062,-0.0762400921157917,-0.033948367642715,0.160904688337514,-0.00843036521378909,0.136468452995972,0.0174258562862877,-0.23645827487679,0.115627515324731,0.388909251085219,0.0753046244481565,0.420550221278207,0.158033601130333,-0.0438979792721477,0.0507080439715764,-0.00686491254214553,-0.0388374266634694,-0.229029039159763,-0.0371793004852111,0.112527324119365,0.0250308637906898
-0.0875427777067497,0.0120921304135653,0.1223165669749,0.0132528361616978,-0.100507958617254,0.0228726923620818,-0.174010381040537,0.0726177946051033,-0.223691332005176,-0.0168368548710986,-0.257341841546963,-0.126110759744428,0.0590675174341987,-0.0162867851576268,-0.263410251807247,-0.0547866367369236,0.652454214265434,0.1671702472387,-0.11142340815566,-0.0672700930231361,-0.280251337762676,-0.0283946175081967,0.0512721253176525,-0.0994567997094196,-0.228388126206588,-0.103949216586924,-0.473851599871341,3.89750768216257e-05,-0.220225228011162,-0.0355423961758045,-0.0411860504806895,0.0310469038737343,0.174776064512869,0.0459022311232747,-0.01274127169938,0.0159268845939535,-0.295030182724683,0.00732064988794117,-0.174924629506125,-0.112924776070041,0.510990495985317,0.10799034404993,0.023462770574774,0.00352582211795322,0.181415863241608,0.0959615716983157,-0.318878683317153,-0.112058813332379,0.110999011265705,-0.0142751435636881,0.323270781456617,0.0602685202691904,0.115675754556267,0.0299630524789531,-0.409691225857401,0.0379820318025391,-0.115126923526555,-0.0225420806221976,0.225866304941742,-0.0729900454767494,0.500456489204647,0.156169256742109,-0.115677805110674,0.0534553285728741,0.120219752048841,0.0394478721202607,0.153537566420979,0.131424173006722,-0.480339400685607,0.00538171611036576,0.129744855242903,-0.0314102704171311,-0.399490926524148,-0.0937152268151624,-0.00319399380109696,-0.090411440294695,-0.337403631247558,-0.068030686416038,0.110995394097822,-0.018004879744032,0.558091048175554,0.0370845234280533,-0.261973529712241,-0.0531555349173298,0.000591477778465564,-0.118682587622402,0.197679996063478,-0.0118054868168113,-0.281474054798207,0.0518117393130793,-0.0650679975937533,0.0350271119386307,0.048527485325965,0.0345395421896166,0.461704485413507,0.118504995845254,-0.281547949689172,0.0276719721566613,0.078642771401154,0.0977259537398556,-0.0906791935084966,0.00963448185627713,-0.208728421237573,-0.0377092634533835,0.119982366809458,-0.0147647230249396,-0.341503086373629,-0.0304727645989834,0.147313931710963,-0.00827850751801379,0.215175548179682,0.123576913847228,-0.0479689673309856,0.0698800522013466,-0.0786520491553499,0.0223751627487919,0.133739510273219,0.137853358886296,0.0102492118334234,0.0558324027310349,0.342584827708754,0.0689124416249926,-0.571285044525275,-0.133613488376019,-0.0473540829388203,0.0572995008167432,0.237880993687711,0.0273451434578925,0.0587200793636949,-0.0266016150925095,-0.582233492131098,-0.0789300724085017,-0.112317823004656,-0.018563830847311,-0.187832898963638,0.00491817218834052,-0.172648593079844,-0.00579659629788188,0.0142346414033327,0.0476369171814921,0.033288769987141,-0.0448606765416331,0.126278803762111,0.082771039102384,-0.17669016001268,-0.0469535815828612,0.652454887661186,0.126793536689098,-0.00144112589959449,0.00296313514718536,0.0489889875898804,0.0689660798530926,-0.430694055313862,-0.0444287075088437,0.0911624926867286,0.00221225081995588,-0.107761761334459,-0.0654693543386531,-0.245860112349546,-0.0498620566510443,-0.259803083665397,-0.0135858473941233,-0.173938697426843,0.0227178477247236,0.0742600265873688,0.0347905639915639,0.390559591392942,-0.0127703033017592,0.276920610371542,-0.015765294762626,0.249794902919374,-0.0547732473450797,0.159297605594296,0.0158025281576909,0.102014204850741,0.033876175904192,-0.0221652256750115,-0.0071322998242171,0.130761834988347,0.00655449693058218,-0.0878413432352434,-0.0355017811479176,0.0248061516341387,-0.00376379535239375,0.23112136000224,0.0232760481702851,-0.163145407372758,0.0960431277226512,0.24811670258771,0.092642288080407,0.351659091222811,0.170018875786705,-0.0592099107894246,0.0455650108618867,0.112843059707312,-0.0370173475820461,-0.183039247007464,-0.0441428294193415,-0.10068020966599,0.0272503070392471
0.00562756611546681,0.00757724317142614,0.0159448080176764,0.01721710419798,-0.154474981584745,0.016200554539362,-0.149269044779474,0.0608430811059596,-0.221659381442306,-0.0274233578017747,-0.275299114372944,-0.132307869820579,0.0490438777300802,-0.0121977078477432,-0.374938891741549,-0.0611449364897544,0.370035783830502,0.189055790700038,-0.0490285562046792,-0.0692770693732267,-0.405891648308135,-0.040908636366332,0.156015358235399,-0.0919937607439253,-0.317185187558636,-0.108212722115637,-0.461668520281172,-0.0237410077054527,-0.168003453060399,-0.0433913892588223,-0.0748098487531138,0.0253980309249204,0.244978929294949,0.053983416801481,-0.161374306254775,0.0148506025946549,-0.180370596485583,-0.00611334376378166,-0.218264871634414,-0.11691272089438,0.572547859343449,0.128330796559881,0.0829426394464172,0.0086639166447533,0.187708224476624,0.102380624099427,-0.126613518967661,-0.122297560616001,0.235043961828919,-0.00829125823366909,0.448785935252636,0.072660533539002,0.196473742030072,0.0335391739117129,-0.539912426248284,0.0155279432054811,-0.180600586791562,-0.0243343447964076,0.331838633700675,-0.0551959828056715,0.299114189282556,0.167638338464449,-0.084166637577585,0.0439463092757126,0.08502550527911,0.0417390985897934,0.0747057178355426,0.131010097756059,-0.345772533873887,-0.0200650337959482,0.0610285092771573,-0.0220281310066552,-0.337479624270099,-0.108702402191386,0.169017076256555,-0.0862560884848629,-0.152664807654718,-0.0772090116654911,0.15485584967972,-0.0106510831732545,0.311499222453611,0.062658463948301,-0.308949325938612,-0.0639081891727455,0.169783551514745,-0.112800877335697,0.283297284627591,0.00241896034215297,-0.444071864606405,0.0319263277780155,-0.149926986743845,0.0255899053285022,-0.119731166165923,0.0335202198871387,0.544143053603299,0.135592180673768,-0.213219597316226,0.0138000560748007,0.0682513676290729,0.0960315739631368,-0.0243113447503058,0.004848700526984,-0.340600928619107,-0.0437335482252415,0.136022133246257,-0.0088651593379364,-0.346453599446384,-0.0491184705038403,0.169033177974204,-0.0035448199437103,0.0674625771183853,0.127427478389756,-0.298707618611473,0.0609245148283339,0.058272781816019,0.0165695372528348,0.125859746451368,0.134752998878035,0.234322857140863,0.0545305385877141,0.199113781171527,0.0816988297692385,-0.48338224831041,-0.155307357720172,-0.00935005294157634,0.0509739632647388,0.163374742288698,0.0394119373909686,0.153363783528795,-0.0214877090802334,-0.689023291534737,-0.101795539161418,-0.108631059975643,-0.0202179009403821,-0.0721278755970884,-0.00528950980139362,-0.0985577971569555,-0.0147764959888369,-0.0858245285794099,0.0442173313439941,-0.120730999968066,-0.0397358018639612,0.0314204950345583,0.0853605897503908,0.0107278528341073,-0.0557010891445246,0.249876899460022,0.151726171783515,0.0430919109867903,0.00117141267243817,-0.119163322745177,0.068257521598368,-0.433409572828543,-0.0635639625865912,0.141940145916361,0.00641305418844087,-0.148287673497021,-0.066127256769367,-0.387920143109798,-0.0565425107692926,-0.284686934547613,-0.0238603386711987,-0.0215774159400521,0.0132603190691511,-0.0322862666262675,0.0373905560514583,0.367656422458244,0.00676785252531172,0.412156545358593,-0.000874956161408776,0.221888237281306,-0.0411080755833967,0.316285645317403,0.0208977504543496,0.0843455950647813,0.0376056697980071,-0.179615119379599,-0.00740068049044316,-0.0178320120764629,0.0120778604084541,-0.117277282935442,-0.0372709259544403,0.0447291172697455,-0.00329601434188314,0.253253778415497,0.0352820664460945,-0.287246068370157,0.0821775791264274,0.142623003129387,0.0962870266054664,0.200658260637789,0.177527445503688,-0.180049998118133,0.0425621095059754,0.292385106124233,-0.0312007950317391,-0.232177831809291,-0.0479192332817242,-0.0877863549243788,0.0223651595635243
0.0667481836987655,0.00638224705287507,-0.0483017154242173,0.015124074284078,-0.126139815573626,0.00584445863827544,-0.350705367304468,0.0482348811308479,-0.117705073018616,-0.034434853582944,-0.201638741436998,-0.137985880834795,-0.125419895934236,-0.0091495454472154,-0.417961430621099,-0.0744794812849645,0.183544274437221,0.19468056760841,0.241485539585533,-0.0691042583659744,-0.45578069033911,-0.0550257018648803,0.0978115655433707,-0.0748752013965254,-0.147099579460323,-0.117814523980599,-0.377229592024206,-0.0427128623086473,-0.15601965774057,-0.0501904904874388,-0.0821593236648099,0.0187971368731412,0.371103963824031,0.0647003337423025,-0.220036676013796,0.00454618348484624,-0.356149041508713,-0.0117383019226269,0.0380549935332643,-0.120066618691655,0.626474748516587,0.147909849680406,-0.150761254831248,0.0125834901789667,-0.00237486794832043,0.105599662251181,0.0439878400283452,-0.11770523911622,0.248451922393322,0.00174371777609863,0.513490251014376,0.0903024334913416,0.192858424423427,0.042152254346613,-0.353279843799382,-0.0121699468120978,-0.432074637493395,-0.0285266380142132,0.622609177714118,-0.034655671459591,0.399485158516687,0.176848823116921,0.0117996646013753,0.0371474853367094,-0.0655873518794858,0.0431278127797224,0.0243775739002147,0.127069773849059,-0.475135607784191,-0.0358623745779914,0.296731332521529,-0.0191659906202437,-0.341908223304321,-0.120271081180112,0.209588687900747,-0.0729557219114778,-0.23906791549665,-0.079536399233526,0.165266618489522,-0.00375256135854712,0.52538392528258,0.0751376778960635,-0.131826797804305,-0.0738656930970066,0.419444779265112,-0.0979424288272779,0.254494071016981,0.0190102351072743,-0.522241851732764,0.00941643331011853,-0.431374201955804,0.0173863042171499,-0.0198200446398065,0.0268579261087092,0.377941214627304,0.15308719596937,-0.0555553885495534,0.00221613070239606,0.0132395276617971,0.0956299525561922,-0.176035343729049,0.00469830100143882,-0.20347325025701,-0.0571577613367317,0.183882174477695,-0.00103938401047007,-0.199737287106197,-0.0624432867926468,0.379614694751929,0.00665363832294877,0.0357467365928528,0.121521480908904,-0.424237135029627,0.0430470934280949,-0.0170571734970407,0.0172241372740401,0.021986895955284,0.133725242293327,0.0753376253942956,0.0659871885391547,0.103106860899207,0.0869688937219987,-0.266320448239451,-0.172132860290321,-0.179146928756988,0.050311389095804,0.0443630406635821,0.0440220640491268,0.00035627720711284,-0.00994903802600379,-0.515375810374567,-0.129147689595098,-0.0812037671799934,-0.0266218906584108,0.0181452331272992,-0.00768204009874993,-0.154894516652027,-0.0195983565537772,-0.0813785470056489,0.0353372702630265,0.0232341340334021,-0.043309743199626,-0.03674973163909,0.0825504415488679,0.0210649524054818,-0.0516965581737793,0.1414747777007,0.156766410919042,0.174469681120894,0.00328432477124628,-0.146541508586988,0.0600862816686848,-0.682896660451787,-0.0795461418061056,0.0259963767385374,0.0131139105736048,-0.198897695893223,-0.0692642095609031,-0.390059812563575,-0.071577297751514,-0.238560105008171,-0.0363091699193074,-0.121804941724936,0.013248718534714,-0.176313520254092,0.0322832760368458,0.279546443860559,0.027537138836059,0.452063121045615,0.0181222979702638,0.286301525591908,-0.0286097480894053,0.286821404527431,0.0344388272599932,-0.0354463104694704,0.041606802898441,-0.147850679179198,-0.0134211674945527,-0.00835067632433817,0.010004277570119,-0.0554437110882406,-0.0417728491207086,-0.00950984596968068,-0.00314662371019282,0.313818873233218,0.0471132947236395,-0.360578485977796,0.0605706825285768,0.084305545142947,0.101131422641082,-0.0141969204176834,0.174598171925985,-0.0858096141044177,0.0319001547610553,0.450071078993408,-0.0151297038958933,-0.223080619568911,-0.0540985240438366,0.0376871908384054,0.0154218333060447
0.0183188966234786,0.00833132354405633,-0.0890559683332675,0.0130492984573807,-0.0650892876258983,-0.00109492388244311,-0.280448532210141,0.029630743141099,-0.207592031642282,-0.0358444889953517,0.271592327718852,-0.139537609761572,-0.00909937175024344,-0.0148199719713205,-0.39483477456492,-0.090281499395526,-0.0706491641528173,0.190397789502694,0.219278276831345,-0.0561960204608577,-0.273927175909485,-0.075451948672782,0.320974548145782,-0.065741193494666,-0.0230190013231341,-0.114694835697795,-0.254417256539837,-0.0586274201884619,-0.251935191037295,-0.0530996681045055,-0.115356605532845,0.0132369054544358,0.317636780651979,0.0791688354632298,-0.0840097425197897,-0.00753202674935063,-0.35972495849849,-0.0276931319179888,-0.0245693665895885,-0.112867713671035,0.583881796304555,0.173401939122232,-0.142927914971409,0.000336125460888311,-0.226278065075924,0.0993868711008341,0.291587314552363,-0.105626152173078,0.269147336887536,0.0104789916370672,0.289942407315903,0.107411216086016,0.104947023599745,0.0471236650942629,-0.438574794978712,-0.0281161109145494,-0.631878737540218,-0.0477967524007193,0.633431410120926,-0.00157724641022246,0.361061817236084,0.185581809672474,-0.017765843686652,0.0361668641320379,-0.371915019900953,0.0391437606201488,0.0628000198097842,0.122232373263583,-0.347609853800972,-0.0600304363993907,0.205157393998926,-0.00502495313794149,-0.186620676854625,-0.128762785078781,0.523285920750845,-0.0582554106211609,-0.243037391914108,-0.0883102888322429,0.379314180378511,0.00435052051938774,0.629444610808019,0.0960398351417593,0.0748480523729018,-0.0760406337926875,0.495299214344669,-0.0714373691773587,0.39628549764416,0.0309208653991831,-0.595112896548603,-0.0165330229622976,-0.477029362575529,-0.00534435577876032,0.0788631498476562,0.0246317975613932,0.324501073901909,0.159854278862591,-0.0364281514888146,-0.00388509169579584,-0.059884374566979,0.0917411085362199,-0.144020738638147,-0.00410314066108604,-0.305663682844909,-0.0644320506074883,0.417937438583377,0.00736717919673723,-0.0834033727533457,-0.0675366006036253,0.387310985223369,0.0226579946234818,-0.306758581443941,0.116523720129197,-0.285719641780006,0.0207893425008774,0.0171803046667061,0.0121712314193766,-0.151460067638223,0.12536962023313,0.0629934325520711,0.0659651366165049,0.0199825208691359,0.0831441376038498,-0.137057688747747,-0.17565483002195,-0.193820196067853,0.0378192564713457,0.130033562854875,0.0437284902075829,-0.0711545052202768,-0.00883779003025012,-0.429326540603749,-0.142774727308627,-0.0421197766208582,-0.0309772686728459,0.00679019964348509,-0.00546449742258731,-0.193817771276307,-0.0289263981645476,-0.143986155341452,0.029742959508478,0.0557989121402961,-0.0394437774592541,-0.0434087497803375,0.075766955248029,-0.0394749663298685,-0.0460333389049885,0.0963240092695262,0.153831785080277,0.174462938287462,0.0134588434726194,-0.197281320829048,0.0503781792517886,-0.61312966985867,-0.109440604639089,0.122832092278352,0.0130998503904396,-0.133647183091101,-0.073156165058214,-0.256631777074668,-0.0878503077548891,-0.202071286022459,-0.0481536719675755,0.00595042371206008,0.00572095658091646,-0.413182623642771,0.0211342128859274,-0.0107308999473646,0.0384148199549986,0.226089456129998,0.0391782929032691,0.31181800013829,-0.0148090497508366,0.234168572568487,0.0475253802842798,-0.053750383550238,0.0364451701394108,-0.303381832330366,-0.0223848660315347,0.125415276198141,0.00933165689392223,-0.0299229304128693,-0.0431968486438739,-0.0648273734342403,-0.00267274236090247,0.155254778852931,0.0572189858658813,-0.491475745325971,0.040347226216874,0.121450691708958,0.0973657363421229,-0.0265193294216802,0.164809715219724,-0.0875664331230254,0.0267873385354713,0.42970547031899,0.00517417203475044,-0.233708180272486,-0.0607040709434602,-0.170087473764794,0.0188507186065502
-0.139189742576942,0.00959743342125222,0.0203961960733688,0.00603248318452537,-0.0850926121976396,-0.00531079950921329,-0.314342940580881,0.0131148682025997,-0.160076085624068,-0.0431258001441717,0.442913243169793,-0.1201010987381,-0.11806380387376,-0.0129782261015557,-0.320533384116997,-0.105502301569346,-0.144385290378133,0.175586740194199,0.334025509641368,-0.04213920508789,-0.332783568835691,-0.0866300222678366,0.354448179939016,-0.0480209572165702,0.30765636874069,-0.111166382480527,-0.231589120968588,-0.0683952984125942,-0.139214934009017,-0.06144856566681,0.0471898396025224,0.00596898396872094,0.124166267398409,0.0892406228466592,-0.161701809443225,-0.00882038829424737,-0.329201108605229,-0.0444551546136822,-0.0156476638679048,-0.105924407845911,0.297144622606345,0.190457295949519,-0.0515445129338959,-0.0069765745541492,-0.360058427269217,0.0822220302207616,0.0973622955385245,-0.0852541222034269,0.194281404787169,0.0230563184183263,0.0597633065169567,0.115667150787253,0.0475589664886331,0.0505069623886639,-0.499779180327126,-0.0469493251100793,-0.745718365734343,-0.0774547932961579,0.527269920710425,0.0288106203498474,0.235277468471667,0.194616090567238,-0.18951199513594,0.0353413667607528,-0.369573753076924,0.0202941542493176,-0.172631054804035,0.118214103468251,-0.205295250032002,-0.0733800747156135,-0.120496178781013,0.00572898418965381,-0.0729216111955999,-0.130916443245638,0.677253177973487,-0.0265972914445359,-0.287897872485172,-0.0959728216867717,0.48238644778777,0.0253367408488853,0.437865187973774,0.122212220148235,0.253421043313721,-0.0648422055179174,0.570666632010627,-0.0460268477964497,0.322122858846196,0.0470109415082548,-0.593216658888459,-0.043390316326532,-0.237771082265099,-0.0276608233591115,0.0109975624801336,0.0267740309946961,0.254353141518428,0.166364544757269,0.0107114141380193,-0.00737442369810866,-0.207819684136277,0.0822244287965624,-0.0291216577179133,-0.0124152013528064,-0.0607820787046583,-0.075177723670642,0.366702738164827,0.0284336865753556,-0.042690783515447,-0.0690367830161444,0.308856220362055,0.0397584463154789,-0.53054388066399,0.0942747541163528,-0.353220290918139,0.00797332629596133,-0.108296760440992,0.0139378451834977,-0.224170067358543,0.108868239686213,-0.0306094322855818,0.0657408603682998,0.0354322615863393,0.0797399265825608,0.0113444454744243,-0.172062308224456,-0.285460714581282,0.0289541008458172,0.198603639928177,0.0458137598829536,0.0106835829435086,-0.0146586806899408,-0.240935162265764,-0.155176589565147,-0.124427590682874,-0.031568367747551,0.13596878744646,-0.00524367891769615,-0.0898061267496168,-0.0353936977659384,-0.144978759192607,0.0201181901477228,0.162761932080385,-0.0338533925213287,-0.284866120938692,0.069180911070381,0.208655223306764,-0.0428456179751837,-0.034826484882767,0.1511027499162,-0.0557591030328248,0.021277551611453,-0.195429194885526,0.0400068024896277,-0.68209644855708,-0.133513313878848,0.301495426353939,0.0170302288194009,0.0643412525710776,-0.0744363500400807,-0.0486135314257348,-0.0948716626792044,-0.22948378931178,-0.0521516487040725,-0.0683104432352681,0.00236776153339665,-0.512260286244137,0.000766574954502059,-0.189127973534016,0.0374687032115394,0.268413289230025,0.0487076160733156,0.271871857722622,-0.000976184967255866,0.250619039746704,0.0569118554152743,-0.114535472696174,0.0314243551637849,-0.35920548421931,-0.0382336983828216,-0.100773742895797,0.0177299451516035,0.0148620321865386,-0.0433268399349339,-0.0884662529434099,-0.00503774273758847,-0.13006797429313,0.0636456758032202,-0.616796800495707,0.0111488822985774,0.158633281379247,0.0974729780220533,-0.165757307260802,0.156284134041183,0.00463337633815214,0.0197308222337525,0.390772657047337,0.0250291791019146,-0.149987809456676,-0.0685444014358967,-0.172920779869537,0.0106685515301254
-0.333784014166537,0.00215543966048505,-0.0346232652101047,0.0100303899580803,0.0585178612345485,-0.0096726306113257,-0.5181171667095,-0.00504743021980027,-0.156472770076411,-0.0475690709754321,0.46628929543309,-0.0901326858033495,-0.0635401484966603,-0.0166410120790986,-0.250623158725849,-0.11506266026155,-0.282768362089014,0.157746858733357,0.43150914098989,-0.0241798732496814,-0.246620540303801,-0.0957751132937666,0.347911780597819,-0.025899779305907,0.16289015139722,-0.088660872871682,-0.132220847925547,-0.074193386958241,-0.0622040579337999,-0.0638756711575441,0.0208972396464936,0.00627517048122921,-0.0258732637140597,0.0924789101520865,-0.190333206608342,-0.0167934419145766,-0.326403514388651,-0.0576364197598839,0.0528935035093369,-0.100381726746009,-0.0792201109053233,0.191594424608369,-0.0196220140998989,-0.0105033442426207,-0.507671238142527,0.0617553137232844,0.0682445284153411,-0.0750166304172221,0.193355074355639,0.0297759105311019,-0.087488973745545,0.109430660680305,-0.00204777147370116,0.0510758698012221,-0.431467869549735,-0.0685904806146988,-0.641525444988749,-0.109281743357411,0.48521794711648,0.0508519935848187,-0.0715671818646964,0.19271588706583,-0.202144199151635,0.0232967555430771,-0.412758735845559,0.00137667548854466,-0.20518466491243,0.10499877322572,-0.0592261943333016,-0.0784921381023793,-0.0375348404232609,-0.00233912658796387,-0.0368823119336764,-0.124703626549544,0.813591642631907,0.00697143933852471,-0.165499877530252,-0.106893048941657,0.522146775050168,0.0467740839003997,0.168128084540249,0.136559142786072,0.379002770334534,-0.0476491059302276,0.548783364696663,-0.0134683453871065,0.311651599132154,0.0587249744888805,-0.653173380150889,-0.0689898107917974,-0.128398345914554,-0.0350157042327542,-0.112189979916516,0.0259491734531847,0.120338108045167,0.16694659816769,-0.17436890258011,-0.008011123714768,-0.337764253043207,0.0669297493116673,0.0296498710112809,-0.0126179536253752,0.00325639554591545,-0.0735256981308207,0.303799012340487,0.0477189315735502,-0.156434173856311,-0.0667794417146595,0.425546993055703,0.0543779636065543,-0.527696355404217,0.0648361245264358,-0.168776109241525,-0.00940036611664275,0.00621805821252768,0.00741047216815744,-0.416382832915709,0.0919396585951556,-0.0966665804645564,0.0596753039280059,-0.0415300792979889,0.0775306075465128,0.237127957237816,-0.16081982150034,-0.158542516491501,0.0120983293064596,0.178862411608063,0.0557541833134632,0.135834797168724,-0.0106805606353293,-0.174488369707783,-0.158784133165743,-0.100129791807087,-0.0350229709327446,0.207457833532259,0.00395463926941646,-0.00838652083765895,-0.0373638079211067,-0.185170222663137,0.0130762885262819,0.242199749930925,-0.0226085758347211,-0.0745721794618402,0.0549149858215407,0.126222326853623,-0.0318052338654163,-0.188977236821851,0.141763743027844,0.045950030923413,0.0162414963131296,-0.166128857107689,0.0268505959256058,-0.541565852712368,-0.159237253994422,0.162904993046442,0.0291916974561174,0.116056732382907,-0.0671636141458297,-0.0918666567690951,-0.0903623567326146,-0.377316452769088,-0.0592693030393706,0.177801746148644,-0.00232885828427394,-0.511337879210003,-0.023530922480998,0.0482910319253782,0.0266288432836215,0.341252702066895,0.0594193599326749,0.222580916903612,0.0129184336680531,0.185902731767185,0.0671154732404589,-0.0583042986335958,0.0244720972181103,-0.253457102333013,-0.0567930921130391,-0.145539169780078,0.0153986573762581,0.322563324277789,-0.0409714305131947,-0.07750287827414,-0.0111465878008201,-0.117280717493846,0.0556872715563924,-0.854175526605442,-0.0201111899519819,0.0632177925184906,0.0973878448162421,-0.268442321418221,0.138916739019024,0.244898664161089,0.0179986954024996,0.537602336403827,0.0418115200673079,-0.212964473111656,-0.0702013103556726,-0.176684352546969,-0.00122046506800594
-0.343442781757419,-0.0142399620066401,-0.0266735841240737,0.00841127129237543,-0.011084857515862,-0.00406187612740831,-0.651707684636245,-0.0265755859815355,0.0634895494728106,-0.0517569616407558,0.54061706406978,-0.058993615312863,-0.0454601681757905,-0.0207038740220364,-0.136540078725346,-0.121404986718339,-0.39275274693989,0.133105234497683,0.416184585441428,-0.000153725717577111,-0.229389519998897,-0.101551914934567,0.406073434126334,-0.00731833803960471,0.268980082791187,-0.0760106939411628,-0.0111243793958491,-0.074858690388231,-0.110167916175212,-0.0608465184231668,-0.0691018982076668,0.00530929774954568,-0.172778027490697,0.0869570873316894,-0.0787263677894124,-0.026442405480078,-0.0882336353899539,-0.0686860563131146,0.135624220078012,-0.0926937817554177,-0.245776659669257,0.175250118057772,-0.147496275395361,-0.0127055892824505,-0.519365889916695,0.0343038412462068,0.153060237803135,-0.0711092791067393,0.38833107419028,0.0374472934961159,-0.292385374828651,0.0977126419288628,-0.026594927381003,0.0495511767488552,-0.302153280728987,-0.0826519872613172,-0.594956399453513,-0.133986134633445,0.54805748816237,0.0765012628344135,-0.21137846923296,0.178879505373925,-0.177982010265283,0.0130094516789257,-0.700633728871553,-0.0192695191192781,-0.341070724092759,0.0896539458124415,-0.0715103460673935,-0.0778380477878038,0.0035588160751212,-0.0051745197158253,-0.0224767208594031,-0.120662150880372,0.5891041925434,0.0446766032074281,-0.143882440902493,-0.107885038585802,0.559480767141655,0.0700337921596688,0.128701693326774,0.134786801462862,0.283060569272545,-0.0290897410920718,0.276149155120006,0.0120496519917139,0.203185418786177,0.0704523450836825,-0.574307350876779,-0.0979673726761387,-0.252182607639932,-0.0383897069256776,-0.0100522802259978,0.0190351214211712,-0.0891730798147886,0.162375380678766,-0.0960310310807297,-0.0179876698021147,-0.330422866827624,0.0484565755246638,0.109232357507181,-0.00869324300300802,0.206474436360112,-0.0700387887312695,0.356285752425439,0.0620246115167684,-0.0866419737139094,-0.0693119527905497,0.377747923055269,0.0724461318131008,-0.661897131078289,0.0384589626884122,-0.0647499804709791,-0.0159005261936286,-0.109760380712432,0.00782414281061658,-0.439506690973522,0.0664987889465418,-0.0904382948624856,0.0521226423905717,-0.144105778213831,0.0702406332016159,0.279391586158114,-0.137561326081457,-0.156834394339374,0.00224636485493636,0.226533759786388,0.0621131502872655,0.256124737919905,-0.00422226396892826,0.0716176225754235,-0.157849011812709,-0.068782114876007,-0.0357182198067141,0.322612314630392,0.0130580244961824,0.0356662709716023,-0.0397209714127417,-0.238158997135752,0.00172410970264393,0.164937112588787,-0.00743300617969394,-0.0820353616942401,0.04346722053155,0.0724141939320008,-0.0237779641181748,-0.477559166563419,0.122454826767086,-0.021962909902118,0.0150486371084841,-0.245087946795666,0.0185040917095295,-0.358064404151759,-0.173000463454056,0.0978555884114067,0.0358520918957849,0.0645787481519097,-0.0578956893996954,0.079243153407986,-0.0906798706513663,-0.298974604111539,-0.0725841528939377,0.361701249965857,0.00830601643511013,-0.452365370657635,-0.046401991312186,-0.0677719337486138,0.0278040843431006,0.4992313683798,0.0722091269297561,0.0855530575607455,0.0239020024289408,0.177500088391669,0.071450593905155,0.0113409318071911,0.0192371065322636,-0.357857395759147,-0.0659057286945606,-0.0606092520773913,0.00937958265091159,0.239534256011746,-0.0232824987311315,-0.17555443061117,-0.0152113686809227,0.0419856987168265,0.0467542191087903,-0.810084643829485,-0.0607012930084579,0.239279541656793,0.0943429419757753,-0.295549471355021,0.118018493262669,0.150025620869681,0.029052794697877,0.552743641698002,0.0640988872561013,-0.237706925651776,-0.075378011172781,-0.177894983966352,-0.00907207047360408
-0.339455900517351,-0.0315928606819372,-0.118321316627619,0.00883413806033117,0.156777739964781,-0.00497554561184865,-0.441700981677252,-0.0582036528184461,0.262277686598468,-0.0447581812498955,0.35208214894193,-0.0311093881025223,0.110170082136172,-0.0197470424949676,-0.0123026681639851,-0.119602947169605,-0.610794269997177,0.107627868829796,0.355150684476594,0.0223534174173951,-0.045161609729795,-0.105874310167932,0.375426427066235,0.0127831649222507,0.301721595462302,-0.0607886852740798,0.11537602623562,-0.0713502167148384,-0.057946925691694,-0.0612845845753328,-0.0987255583004902,-0.0011760339667736,-0.310478812989489,0.0739082544908854,0.039552741332238,-0.0297446836769555,-0.0933235172927846,-0.0680864942818805,0.100580561649743,-0.082376560937659,-0.480954192377521,0.154128408190865,0.0688434706007988,-0.0168101151038786,-0.598039692061449,0.00382426032301987,0.309196816155895,-0.0583020901093551,0.260209927461269,0.0554592957345813,-0.383747329416349,0.0801135686109106,-0.0229260136204113,0.0469624835833036,-0.174408444013096,-0.0919375052889687,-0.451137132384939,-0.154468000963397,0.360065047742367,0.0999053890361965,-0.343304102463788,0.156701792152375,0.00387692413761505,0.0036328801431089,-0.56279094682188,-0.0531929874458096,-0.378643184814018,0.069093210081182,-0.26986782310632,-0.0778924427457206,-0.0289525498645095,-0.00610973021530449,0.100537269886892,-0.117649514940603,0.601355053600489,0.0719240460497038,-0.00038973086659985,-0.111343721865558,0.521800740147082,0.0935508541016963,0.148400266851272,0.135333173425538,0.200908511816772,-0.0135797742259393,0.271266492916173,0.0261740640064941,0.286626335576761,0.0760876386195683,-0.633130097705867,-0.119742534238682,-0.281067387284124,-0.0478748829755455,-0.152676950339713,0.0181681612805168,-0.184541478932742,0.149693986606065,-0.108546778988971,-0.0222402598220724,-0.376738798452683,0.0288750877805639,0.145161186247843,-0.00223744009132733,0.275294059934068,-0.0553113000546474,0.350472141922869,0.0745330748170521,0.00629660057737892,-0.0682209214346023,0.553280060082204,0.0861623426545671,-0.678405116713677,0.00408515591373435,-0.0442184133344969,-0.0194247617180894,-0.153262619075316,0.00316259968880049,-0.526757506605025,0.0404266786060773,-0.396956509167654,0.0435420462052358,-0.334928236583264,0.0577941146532863,0.324782017602944,-0.113717538259743,-0.126701596135813,-0.00531076415963101,0.263515027669428,0.0705030837554382,0.170362301136767,0.00666284063232344,0.251741497293562,-0.143990554679474,-0.226171608464491,-0.0354184239196396,0.122786391492038,0.0273304669050936,0.0950855859105502,-0.0353833516799688,-0.318226993572382,-0.010836098207782,0.118694775670836,0.00132859450807014,-0.103190682209226,0.0384146624043729,0.0105141782637016,-0.0174027977880448,-0.483400479086233,0.0901273131488071,0.0608056445105929,0.0134157611246463,-0.351122228101483,0.00819613356476215,-0.0741034989221021,-0.181006202090163,-0.00635121882653027,0.0383633323495949,-0.0857241015353466,-0.0508991861163324,0.229543499897048,-0.0791079715426753,-0.258264120562638,-0.083801186534969,0.309222442523837,0.0268116483215505,-0.345976210302725,-0.0643373949449862,-0.0662785191236565,0.0214125249311657,0.222581426696,0.0917147367920297,0.0466928891031966,0.0289158077640591,0.182355938687548,0.074562082159578,0.243635706966641,0.0183640977619803,-0.366078446312164,-0.0803081018497251,-0.0360017794733411,0.0073619911792201,0.224264263483004,-0.0116268980696781,-0.180469623665525,-0.0249209617411636,0.0834312850354736,0.0488044297917939,-0.682164473996257,-0.0981220650024171,0.328973483551982,0.097668351429162,-0.278819410186066,0.0954469107234184,-0.0439858382084786,0.0348524904357881,0.431402134000739,0.0868992104414277,-0.274413361031706,-0.0817048871848478,-0.121788895353205,-0.0163800504394733
-0.337360231731506,-0.0438904601311191,-0.144069127734565,0.00132422688402544,0.157071104331257,-0.0013334832080802,-0.461141457335105,-0.075331607713291,0.372198463840494,-0.0318780573108872,0.205293489060745,-0.01397614088114,0.200986043027971,-0.0111726861859641,-0.0654842936181056,-0.113533794278961,-0.832031377846437,0.0734852140919558,0.473601268247705,0.0374170001843548,-0.188547364714133,-0.101442634367828,0.470453587446478,0.0265493423802162,0.212138154356066,-0.0412038608133007,0.126298047436106,-0.0633613658144146,-0.00762141423987219,-0.0625970833982069,-0.119179385763764,-0.0056949163175862,-0.356826453483526,0.0530238516783995,0.250199059510425,-0.025185846244476,-0.151722106675673,-0.0738040821823325,0.37278147015917,-0.0714582218139211,-0.530310027475532,0.122259632702336,0.0714741748410358,-0.015956732293096,-0.603381897969802,-0.0249655706366536,0.399658513590692,-0.0402556512388589,0.259938934536577,0.0657896325015838,-0.388462822178309,0.0580998632654686,-0.0194304333057431,0.0431226805620972,-0.0549374044140694,-0.0945637753225427,-0.478127409430697,-0.167108721520177,0.230576503118502,0.111354493673533,-0.474879657650206,0.13101542400598,0.0492411952793194,0.00290662154969188,-0.573894611363099,-0.0781795013068843,-0.25443114090707,0.0474633062648307,-0.0956802453479985,-0.0864147538646965,-0.0772134338935764,-0.00798461244019796,0.200602434517706,-0.107974980951638,0.477148734953088,0.0962934723208597,0.192042296271098,-0.105057755403793,0.369291458235979,0.114316135493833,0.272001946956473,0.135339222844412,0.323705853701695,-0.00207032189909842,0.0880430156462561,0.0384656988785442,0.299144817960002,0.089424606385045,-0.692117635842301,-0.142403511781268,-0.223939854308871,-0.0573704246246881,-0.181839088454752,0.0105758033303235,-0.458863868471149,0.13183222944531,-0.00195031983936642,-0.0233242863557421,-0.381831342811339,0.00964930100372225,0.169162846752309,0.00411446420466363,0.212338174007794,-0.0356588129576695,0.265203866500036,0.0859277809822627,0.0969522990013554,-0.066359866883407,0.409365482709895,0.110973688184797,-0.640309845259689,-0.027174277105584,0.0405827843765875,-0.0215679161163923,-0.308615408721587,-0.00472991483959495,-0.4566541660309,0.0105615806140632,-0.414811608913273,0.0196221323864044,-0.478098451753917,0.0397907451869988,0.356514744566032,-0.0898572720480507,-0.423330553258049,-0.00874163141579005,0.191721031436644,0.0794202316337287,0.229728672863797,0.0154204450268582,0.630670803062467,-0.123082925559924,-0.122439937535147,-0.0427102358008094,0.176589835248986,0.0305543786583885,0.163537017322017,-0.0288094613015828,-0.298640090648872,-0.0251908388974187,0.01900068530291,0.00655046792921192,-0.0113296769116731,0.0306377749773512,0.159613366211336,-0.01644757174614,-0.56095410630986,0.0602974928351691,0.180611154666992,0.0188614507288597,-0.494184012461452,-0.00790007701254886,0.0646465616213197,-0.174710233694876,-0.233157026583537,0.0360571049815349,-0.0795144603250132,-0.0508834193948003,0.345987164530539,-0.063068287646584,-0.230382463841652,-0.0891211056172176,0.208335350236789,0.0405040067224948,-0.320642418554697,-0.0783671498974064,-0.205055379289882,0.0140524559020051,0.186652462981693,0.0992376963414806,0.00218694649148303,0.0290960504642162,-0.0744888264371165,0.0790936203710786,0.137794043750609,0.0289479852222578,-0.30007910222898,-0.0936535353906575,-0.100009498952796,0.0041920513797311,0.313449969308778,-0.00271472305923925,-0.141477082403037,-0.0328722644035071,0.0217733543465923,0.0501705567991029,-0.714613797312126,-0.127409571962607,0.286712938607755,0.108377112439687,-0.344290862036684,0.0760609244795252,-0.0627046316585518,0.0301643943527388,0.240083444386946,0.104467248361215,-0.214440589246182,-0.0902258524913841,-0.0755052527016701,-0.0195785497387977
-0.14234992692249,-0.0577340864011751,-0.151794275330131,-0.00355952363035515,-0.071116852796323,0.0077639983554023,-0.284552917179178,-0.0918607166742458,0.427366790155538,-0.0112656489715347,0.3428636787235,-0.00496998419283122,0.457251231788001,-0.000921370730355588,-0.0609657522536855,-0.109457963313877,-0.94963957142345,0.0300342686315676,0.433497042003369,0.0588640022524822,-0.194440130961686,-0.103315072817449,0.555591168449535,0.0500809527863324,0.319711073847402,-0.0269816890637211,0.217565142744529,-0.0532424338193465,-0.00465667050841558,-0.0594461507040176,0.0370669804684969,-0.0110359130703852,-0.443554863041634,0.0341875453462552,0.0893760394579594,-0.0137803849360668,-0.117850746045484,-0.0755816822730739,0.559517239696016,-0.0478880468290321,-0.573679771488416,0.0894098909864529,0.00670554993501206,-0.010613834467902,-0.53140866710652,-0.0510511223148496,0.356150720886716,-0.0214659757333605,0.127404309219223,0.0770766846380554,-0.317811299578616,0.0376305438301758,-0.0212600101124296,0.0413809305014723,-0.0099317811823017,-0.0920179957421949,-0.395662775577305,-0.180474473290163,0.0703249347253046,0.114419844715091,-0.712482944872057,0.103713193038017,0.00304734521789572,0.00263243462719155,-0.438919181437655,-0.101250346296878,-0.214031684585848,0.0314741962895284,-0.105473936246372,-0.0814918744612503,-0.00627764140860994,-0.012255357493692,0.317989685497084,-0.091212442121536,0.356530881321549,0.114425357230708,0.25324904558845,-0.0900458909033288,0.282733054358666,0.125805213288341,0.153284483479913,0.14075061643267,0.325837408291203,0.0111396834815528,0.0214667995918295,0.0393834738501432,0.396806930383939,0.0990973151413413,-0.512176369104204,-0.167175776478113,0.125831759519321,-0.0605752365361003,0.0684709382599471,0.00162288498542208,-0.581106658348075,0.100294670059282,-0.0235301412701469,-0.0224450933822343,-0.416021081132388,-0.00829195961268935,0.0380372460165643,0.0135680050077676,0.191380195170749,-0.024006934466463,0.315156364321197,0.0957957442630224,0.20714213914157,-0.0570774771913539,0.328141839672731,0.128057209114024,-0.682050967256314,-0.0548989992922205,0.0996107743071714,-0.0196366829611562,-0.214693122341549,-0.0205654917913271,-0.501358244172833,-0.011518090465776,-0.500348911218116,-0.000386648507254342,-0.658924737998189,0.013008039874418,0.732191596137206,-0.0687444323698166,-0.293378804541199,-0.0308894911989283,-0.103399917723769,0.0835567330643645,0.212787340777569,0.0251613955819883,0.650439390494184,-0.0849818250650898,-0.0158790955221279,-0.0437909821010292,0.289479066539469,0.0387712931950039,0.0894245254262556,-0.0199516344384526,-0.234962153550098,-0.0349310458093225,0.0993315157051363,0.00451409598530335,0.0924084583938515,0.0264630308597987,0.283638941569599,-0.00932048409492787,-0.625567740586225,0.0281637519754707,0.210791383313231,0.0279814321581717,-0.433508307996915,-0.0299200730363056,0.264936210521925,-0.161651055331933,-0.444358122203272,0.0228291126341329,-0.0262967765992135,-0.0514728287504749,0.366804205727479,-0.0418861103444539,-0.0452977425764245,-0.0951441403965039,0.283375734375537,0.0474064270605533,-0.152458362255176,-0.0902383685480289,-0.281922613706261,0.0032341206676514,0.211066004457907,0.100015522023244,-0.111088889937456,0.0263436697848108,-0.153081057717228,0.0711341651874397,0.168639850315373,0.0340354172079829,-0.113439605253535,-0.103887669111808,-0.00467281194839174,-0.000808782677435353,0.479869317269006,0.0142170113017214,0.0110138345562094,-0.0377358603598067,0.0774594193374286,0.0508821371831115,-0.546202765432975,-0.155543367908817,0.192585363792905,0.115866420425318,-0.339063551589231,0.0565127081732764,-0.111880133917952,0.0260186531056065,0.237378691182316,0.110125138889368,-0.00516651129203537,-0.093737895909991,0.10985912805539,-0.0201453688469261
-0.0513967111188658,-0.06274188528053,-0.18758893051528,-0.0100192676524248,-0.104565994043253,0.00473591994202427,-0.368127490725891,-0.0965984348674784,0.242116459928031,0.0126072565121529,0.526668333901839,0.0131910706804251,0.458687963299215,0.0185590070712738,0.127155147445639,-0.106453262546384,-1.19733146239171,-0.0187149055641198,0.225008714092619,0.0755594686613846,-0.127414550381033,-0.10699602701597,0.47836061506942,0.0756214987217565,0.434458712981882,-0.0114680886446077,0.236295961548296,-0.0402973388253179,0.0178214473739896,-0.054749261499524,0.045289947940472,-0.00951434355567965,-0.427566971924667,0.0122949263107692,0.139791137967233,-0.0111968433044787,-0.104363807910162,-0.0785893595575916,0.457792930054449,-0.019305215099689,-0.690829759041369,0.0586940102254914,-0.114974327805415,-0.010368894838325,-0.557963517986912,-0.0720844130604565,0.211926046295749,-0.00327060902774422,0.122308878753968,0.0796562314507998,-0.428976355784187,0.0200226393272304,-0.0183827444111031,0.0403427464194609,0.0799676453741087,-0.0873116312610474,-0.267746717846485,-0.189171431829923,-0.0707548876074538,0.110368093447549,-0.648248957530848,0.0636647004684362,0.111520507982496,0.00328705571730593,-0.596114477963791,-0.113350186157931,-0.209828661494263,0.0203064030844897,0.16681047250596,-0.0817445685140334,-0.0261832276350068,-0.0115235660404419,0.360568343087165,-0.072629800198231,-0.0440256855562824,0.123927404747769,0.361719127162167,-0.0740412588359686,0.215813133511506,0.132080528916842,0.126150761310733,0.140038253775884,0.312748373488773,0.0269931756633256,-0.137417707297277,0.0385463894386287,0.116235976743816,0.1138248495191,-0.293512606773356,-0.180076173948378,0.213463385398783,-0.0524128880788112,-0.0660399959013535,0.0045332422642372,-0.45443693485892,0.0655399774470418,0.132397643563989,-0.0249440025462133,-0.390341911328552,-0.0294311508612788,0.0461306751737295,0.0142075722798062,0.345844431230416,-0.0127638276331,0.236813248752016,0.10624263024329,0.357638468336645,-0.0468394902784272,0.310851396463025,0.13939474479042,-0.473930283526634,-0.0873047699804808,0.123727100940364,-0.0149504036086296,-0.175704203326732,-0.0296817324690725,-0.494196044434871,-0.0353955198102741,-0.613991847348762,-0.0254765481397412,-0.792335111763328,-0.020367237209457,0.84502132723103,-0.029433281157907,-0.0565075114193333,-0.0446767869604771,-0.0574672986069623,0.0721410706076028,0.222874137113435,0.0330470033808467,0.70208043055293,-0.0476307819768514,-0.103781051361521,-0.0430805176780946,0.18560206027859,0.0497373372992373,0.233740960540098,-0.0159930411789525,-0.388798436151194,-0.0442268777146822,0.0369954544282188,0.00996410983498531,-0.0318474666209843,0.028976082382283,0.471419816663347,0.0041775770783637,-0.886836269031871,-0.00307506353400414,-0.032619444593829,0.0352858259208595,-0.449434408790451,-0.0478563740844693,0.466742984344676,-0.140434771880252,-0.549187882512164,0.000602128060187733,0.00027390919730431,-0.0486578018246182,0.620064859220586,-0.0232103524164396,-0.0595342199291885,-0.091222748340263,0.267184856528643,0.0575546440122066,0.0128523532856359,-0.093393778171662,-0.108686954108444,-0.011380878559606,0.168076259564854,0.102846846174524,-0.286948029018426,0.0180943884041667,-0.200896161744196,0.0583774837547532,0.103642650080184,0.0396151025329948,-0.135426474663453,-0.101283783709565,-0.0600518913806167,-0.00114229257230849,0.438564086211078,0.0379133524221628,-0.140429047002633,-0.0351530388568013,0.00861971322633991,0.0548999811680027,-0.417333490062817,-0.170772851207795,0.155096153993463,0.117541870693709,-0.499212838361771,0.0385843552053045,-0.116353956329134,0.0167336357566203,0.158156615268853,0.1155250012198,0.0761359531972962,-0.0849478270885967,0.293697171815066,-0.013168767496186
-0.0647029723878447,-0.0620744050044246,-0.0643353907083471,-0.0195808162942201,-0.0829070437461547,-0.00346288811960092,-0.402160620397077,-0.108528947747912,0.268144332570249,0.0205187428033874,0.381729101023222,0.0415329295910559,0.431844973517835,0.0389256910876655,0.255845279713041,-0.0956318762819113,-1.10351076360226,-0.0746981129005732,0.0155226900226259,0.082485196820697,-0.0888105704691541,-0.108985254663395,0.484607610073061,0.0966109833342405,0.402052688917829,0.00889424042356216,0.399222450890536,-0.028455591250925,-0.174934687290457,-0.0496845139224726,-0.00749854804975253,-0.00739746837714641,-0.331204855912932,-0.00842051586045924,-0.00436343114565654,-0.00279622773108109,-0.101435987581053,-0.0777558860638647,0.566708311324486,0.00325670255409954,-0.581064264650202,0.0233632478823566,-0.0715989948499383,-0.0159765925167184,-0.413847418570125,-0.0948322315289395,0.418626059813153,0.00777096986985895,0.00742006876741779,0.0838133042491786,-0.453791063396113,5.48197895896374e-05,-0.138241322482282,0.036742942307954,0.174416171177367,-0.0792231915375841,-0.105029145091595,-0.192336498169954,-0.274628730596841,0.101644359375173,-0.719399155871489,0.029470265455909,-0.188226183155536,0.00824302611621819,-0.332612151398329,-0.136419165140938,-0.282199259037025,0.00843649611357469,0.258027747653455,-0.0683827319994445,0.19556175393126,-0.0142815008881989,0.183273077222167,-0.0478671993141441,-0.0329340068431448,0.112389196358673,0.362700188155689,-0.052751408032639,0.0448341896312912,0.136441821608277,0.0687354711184738,0.139495960441072,0.257975398605817,0.0440362178703723,-0.116647104115789,0.0282064230433872,0.0333000547009386,0.111261967016876,-0.434270480072104,-0.183637472541336,0.309408706188715,-0.0406901197979475,0.00737453854800724,-0.000181650514617007,-0.451462921240767,0.0394457654735802,0.201853572924997,-0.0142623804860187,-0.179018138463675,-0.0471024637188946,-0.063276058395265,0.0131678887808257,0.309673204149734,0.00352721429042732,0.239946392989223,0.113958981033181,0.355529695536086,-0.0272062801108864,0.124053852463641,0.145883613546363,-0.346570246880811,-0.104981041988411,0.333559945291664,-0.00703924387499265,-0.0924716785000114,-0.0374130783709438,-0.595960769540605,-0.0630253692396452,-0.662678790749379,-0.0537160219225626,-0.832164732170188,-0.0576842645303564,0.904623696477448,0.0106586739036128,0.0162607186483094,-0.0445548084305097,-0.0244865509375441,0.0624125967622935,0.122548066927286,0.0441210414045691,0.992372478625263,-0.00863266468330982,-0.0665225558275891,-0.0468331286479827,0.0211645055995639,0.056090519740554,0.1564784624095,-0.000793102209676625,-0.390384897795062,-0.0575620258843747,0.177186994607881,0.0092493422356624,0.0792526052402858,0.0255430359869006,0.504682785503165,0.0301202289165216,-1.03438507219642,-0.0454957042316102,0.0415266962163807,0.0311716119826227,-0.325532501835286,-0.065732296651393,0.517939082510119,-0.110762378443311,-0.665964698928467,-0.0270245333691956,0.107411546773167,-0.04670240646349,0.697463070817656,0.0092463434170338,-0.0722879230326919,-0.0904007886667204,0.0741328197067885,0.0665167407709813,0.104992286286653,-0.0879445475424612,-0.166103003455753,-0.0156508490986815,0.156269317136674,0.105818504039398,-0.446892557225356,0.00287047386857396,-0.249984707858967,0.0461477954249144,0.293422320915016,0.0411162962200933,-0.271023790710407,-0.102154238301546,-0.0197333167177601,-0.00554465226022168,0.357404604632744,0.0553100052348488,-0.267463640715582,-0.0408144442111312,0.0382484553480218,0.0539601518656262,-0.311777522323857,-0.180068942759819,0.164459314096685,0.120468161603978,-0.444540296542421,0.0135562583478576,-0.296067120037783,0.00929110493459343,0.104503257456238,0.116969856087072,0.0736387502901042,-0.0746604886249992,0.322547607706961,0.00218318589639005
0.19457168072777,-0.0622060968323622,-0.0680878526011482,-0.0207406879455604,-0.171843490834458,-0.00560104054135578,-0.272022802551927,-0.119607641667226,0.258672601836166,0.0323023246310851,0.387178636015761,0.056206969371375,0.517475333820538,0.0568731830423653,0.230180216159303,-0.077925716319737,-1.21902692816767,-0.12350674888518,-0.0563398488203235,0.0771717428361316,-0.128851496335623,-0.107991995468587,0.432776187177403,0.113644676782945,0.415625935250562,0.0283589233029683,0.44024305899313,-0.00634941354360179,-0.0178735662390526,-0.055751868463937,-0.0518257765841575,-0.00387864987825474,-0.38664180514872,-0.0259915750578375,0.0402008808703973,-0.00398175200861832,0.076194421148351,-0.0774151982563229,0.416148180557135,0.0327011655863782,-0.469233436090683,-0.00378043929700661,-0.10741024235986,-0.0179730194872554,-0.497962724834743,-0.108996147079517,0.279297381308072,0.0268256398180904,0.0383409703034881,0.079624829660348,-0.5079082268518,-0.0218528687587551,-0.175306664269768,0.0287193165323107,0.312777724520932,-0.0672527637919895,0.0395988876040954,-0.184010863919673,-0.543079053270107,0.0830456235085207,-0.691840976314266,-0.00759376532070493,-0.276650008289052,-0.0010647247414901,-0.265221910209578,-0.144086401531241,-0.263021588163474,-0.00641043178009499,0.337554040144999,-0.052451705924011,0.222127687425188,-0.00548644082375987,0.209398495286524,-0.0337244163639822,0.00686445105905393,0.10345768344893,0.334765107198916,-0.0311263235726567,0.0710806067372975,0.130922514117496,-0.165280376798683,0.135577976687315,0.267851809109884,0.0554922259098314,-0.239655887018194,0.0215903564833026,0.0749640125840026,0.106985748775553,-0.2121840327639,-0.195364049755301,0.466272029276987,-0.0243430664741614,0.174521573135876,0.0026862702421342,-0.67716297957156,0.0169256764784235,0.201159026588459,-0.00735576985127386,-0.310499593237814,-0.0543377323447623,-0.000499965488483982,0.00846263787122918,0.0506524326706911,0.0172726788629007,-0.0327588047669367,0.117651669552369,0.359320208795225,-0.00823610348257407,0.0288910995634591,0.143734580362466,-0.290224359798105,-0.112435825834316,0.311346858752988,0.009917173065205,0.0953547159417007,-0.0388227811416171,-0.567894353497591,-0.0875100996163703,-0.613777562741328,-0.0842180140490494,-0.740640241836271,-0.0962248794968318,0.980808585447282,0.0541255133492676,-0.00682025375977616,-0.0409926154151798,-0.0236044614138119,0.0575669432913813,0.0504782784404688,0.0499346872483449,1.03094521243527,0.0411313331440778,0.0378387835156536,-0.047402281053835,-0.0178649397055719,0.0554304500542704,0.327533761850775,0.00634052423737085,-0.358195171715701,-0.0706909705048366,0.342303732231349,0.015056140238403,0.0140494264400838,0.023453670316491,0.471586423912058,0.0518647792214488,-0.679147477126957,-0.0944837065141457,-0.0617272367506664,0.0304616937093826,-0.443631696236457,-0.076584288664505,0.35264909360786,-0.0791632464209193,-0.503826948367525,-0.0587874325643211,0.0305073744994456,-0.0397349564402664,0.630062125231215,0.0438102367539344,-0.183275131662089,-0.0876109135211587,-0.0871877791978585,0.067514878762738,0.405227862207166,-0.0773993091945436,-0.129113342961998,-0.0243522792218613,0.108024014993529,0.107837926916774,-0.401468772432616,-0.0237479395921677,-0.252068159665576,0.0304978254737345,0.362294436343468,0.0529201154876913,-0.078925620654256,-0.109065596845457,0.0463645730891812,-0.000781271566201846,0.20307047760439,0.0687645086696217,-0.285044305125905,-0.0526886068859786,0.0889344271151803,0.0532151604301354,-0.235748717622582,-0.182568528145209,0.346053562529331,0.12172025325271,-0.405524491819797,-0.00775939588185527,-0.192302311731159,-0.0055629467401054,-0.154697727311104,0.11331527020568,0.201099445837499,-0.0648303184833984,0.254979737338546,0.0210690574744147
0.236278110463593,-0.0474424958227269,-0.103002980211481,-0.0244897139670546,-0.0360167523550823,-0.0137936835467452,-0.0517740812873799,-0.1253086267382,0.0729101367890696,0.0404056529422581,0.168806277574428,0.0726687347090616,0.274833155736772,0.0803076982889858,0.337222680548876,-0.0617574971312392,-1.02982308669965,-0.17427120547255,-0.0497446806543655,0.0701049918296625,-0.0200991052191693,-0.106872122951597,0.332737425837729,0.12479097952573,0.367652073379833,0.0503784227576892,0.284240640079155,0.0152483481861764,0.125496506485272,-0.0563547883573779,-0.0903022063651307,-0.0076725768161876,-0.489607682960862,-0.0421860249459615,0.0880167854740276,-0.0011899196297783,-0.0343578949488299,-0.0675773900601588,0.205255533012544,0.0505958594338619,-0.401151544849279,-0.0288983782651617,-0.167330833636605,-0.0222119295377264,-0.280529944722674,-0.12781316656438,0.16189739251247,0.0396558936365967,-0.257317208830764,0.0782987296058898,-0.630309248995155,-0.0460557709545787,-0.161765066895364,0.019044891899358,0.384267234812166,-0.0452689420277651,0.357165593357552,-0.174381631386031,-0.611650002635942,0.0518678132654041,-0.615867600843133,-0.0405307067735868,-0.330294797175996,-0.013335330347417,-0.175068368808566,-0.14927979250998,-0.275211295118865,-0.0187623895875809,0.42050472678264,-0.035049712451623,0.167914883208803,0.00574392823244667,0.19809248862178,-0.0227090402434501,0.0918589613390053,0.0958047827868498,0.557068650640114,-0.0107059750466733,0.0128470237504449,0.12720639073546,-0.392659568200511,0.115724849408522,0.395369385545795,0.0642816640543242,0.0513515779058779,0.0053184922977735,-0.309527457694366,0.104964855201509,-0.0684842199919349,-0.197080457281258,0.492198182587877,0.000674486630898398,0.0405274651148796,0.00862675330372957,-0.674243628467579,-0.0166581522945895,0.170830661109987,0.00306689196896679,-0.278338506060333,-0.0658743775951153,-0.0512374374219409,0.00551081377103834,-0.101821524452976,0.0176761086375564,0.00225685376702701,0.108802197469222,0.188462011546849,0.00807946255234701,-0.0374064194563093,0.139218155629068,0.00389443948148697,-0.1187254520919,0.339186537572262,0.0275657232618007,0.224559605265414,-0.0334641264343733,-0.423497761202742,-0.10931009583413,-0.700926940716658,-0.108217036942904,-0.742604465421951,-0.12594165235403,0.917616368882957,0.0980032740709209,0.0975553694040539,-0.0373279029824267,-0.342837751571331,0.0510655257560889,-0.0926865058555807,0.0505816389993716,1.15390416891535,0.0891470639122033,0.180178189279077,-0.0414055841139476,-0.14800138633216,0.0530702839787538,0.412315852262804,0.0227152783858089,-0.302557451807819,-0.0850898059903868,0.35654852612238,0.0299399306120371,-0.105036952011669,0.024518434424206,0.524031068943737,0.0733854658252645,-0.732376669056794,-0.120404347536013,0.0242355323297172,0.0244509049716346,-0.242684939133261,-0.0920749315940561,0.479344076405463,-0.0579515172945687,-0.522351491262928,-0.0808584995365178,0.113326064739899,-0.0350501707485371,0.675108092637741,0.0732172130356911,-0.156488148871855,-0.0905596145999398,-0.252432954466261,0.0569906902125414,0.622599571956121,-0.0556223986669101,-0.0611827660023185,-0.0281999756511642,0.116071523185275,0.1058529085162,-0.30018892534692,-0.0391330565738759,-0.418761977442962,0.014529618038537,0.312833564129375,0.0657125220978795,-0.0997140676916531,-0.104477544843152,0.166649160712668,0.00240460867199635,0.0714187498770044,0.0739541108383367,-0.435896890000864,-0.0615710453214344,0.039444577274501,0.0520099370152927,-0.170107780202855,-0.18107595850992,0.0612266285457677,0.132140302582093,-0.582744531333822,-0.0268215781581839,-0.0524367856396878,-0.0150595170341043,-0.298764466762208,0.10111201500999,0.234082431449976,-0.0517440048566506,0.0611317708067513,0.0312559156921935
0.276027029242791,-0.0324279827528684,0.121655468522435,-0.0271658378404763,-0.0722901614110891,-0.0144359636644169,0.0587474076137724,-0.119244124532916,-0.0359177647870173,0.0420505528380576,-0.0717432532128829,0.077553590140831,0.414958090803088,0.0866196717982531,0.219619081183709,-0.0428504002778108,-0.808756085717891,-0.214590556218236,-0.117493078362835,0.0648316564339559,0.0164409507214141,-0.102074865236648,0.495189468407276,0.13476643012742,0.320454428472698,0.0681848934233034,0.0891425857159665,0.0288283080827743,0.00991396271744503,-0.0476807503499156,0.0282084653526859,-0.0093763582416707,-0.43142887606295,-0.0619502842659323,0.213768843669693,0.00142630451899865,0.00632311685060888,-0.0679965688628731,-0.0225267369785404,0.055640101751476,-0.296324394498944,-0.0461701510547859,-0.262689115808501,-0.0299150621955722,-0.0575520137143903,-0.132268156915394,0.221661889734109,0.045077758718361,-0.313806793850455,0.0622342072218854,-0.595994564988919,-0.075526054491342,-0.0523881655291914,0.0146227183064782,0.496145831000931,-0.0248649449246028,0.533087629363805,-0.146316793958273,-0.543742498936835,0.0178464053721854,-0.825499427222688,-0.0686125667025977,-0.334747155417374,-0.0257241736221912,0.207775134592797,-0.15051663151709,-0.332364365239533,-0.0332371627436906,0.56978411577907,-0.0111190134130525,0.167995069406464,0.0177545414510484,0.153889781251905,-0.0117009256531179,-0.216518248657496,0.0964619645159087,0.565900054262899,0.0184207217187112,-0.0986295534621079,0.121901011458523,-0.748163711603937,0.0928198069323237,0.354378116253945,0.0811872122940843,0.0440390852700668,0.00745702642254928,-0.276786447895528,0.0818460496515547,0.0473188129203156,-0.190435934612849,0.487735654848582,0.0258893339487309,0.0541794086730821,0.00869939274247774,-0.473881330442593,-0.0464390794306305,0.0753034070050899,0.0115285230224849,-0.195222038548382,-0.0751142412435573,-0.214939090503749,0.00361519910158328,0.0205929848668236,0.0103267765423919,-0.00117392086149367,0.100644241126748,0.349101118007223,0.0129768776429196,-0.119959335299542,0.130042155498602,0.195505312176164,-0.112624622573241,0.497116633622924,0.0413811341500325,0.29634637737813,-0.0218154493291286,-0.27968305162637,-0.123053228713339,-0.544740389206936,-0.136582722708203,-0.893013499878806,-0.15272829767534,1.04123994446834,0.133225910457946,0.0843829728866952,-0.0304318146310672,-0.400537055466326,0.0312003098972845,-0.0879013163240277,0.0457124683275493,0.817448256153443,0.136758053839955,0.0619457713460262,-0.0299373445369027,-0.278077701883224,0.0401976512645871,0.302549058494243,0.040088740498197,-0.273081332628376,-0.094711727935045,0.232113774120555,0.0447136462335394,0.0313763279408414,0.0162194146797634,0.562558505289771,0.0954640397496311,-0.604595098726135,-0.148418831588032,-0.0845702180353826,0.0243821303886894,0.0233995719833326,-0.100492362844899,0.550607099558193,-0.0302502389156444,-0.46189517855764,-0.103464563113466,0.247560522220416,-0.0288313993418885,0.456619208920724,0.101677629057666,0.053633105161968,-0.0938512453513138,-0.357507157636119,0.0386923564438953,0.666645009810937,-0.0216888236175431,-0.316436833994988,-0.0269228345430783,0.122713677926143,0.104890209478281,-0.357004702612915,-0.0479223220681188,-0.376644142897386,-0.00875674396881825,0.138014812260466,0.0757588060404263,-0.00554792342593857,-0.105023489711246,0.151947323652161,0.0136086219492512,-0.066336404873911,0.0731355661789704,-0.297764744871381,-0.0766031539413417,-0.0790145053960869,0.0509745752832655,-0.00434069526028758,-0.176920592532847,0.039691318823677,0.128743585550726,-0.635287897084026,-0.0505325019349084,-0.127127338233397,-0.0156726673806809,-0.211457855698969,0.0817961098013142,0.118349776819034,-0.0361008166418177,0.184607375851632,0.0322460969643649
0.172605382620067,-0.0148535426579994,0.360314397315589,-0.0235242212855485,0.0615465948736526,-0.0165796092172791,0.0792065863091416,-0.109402875958144,-0.105210356231372,0.0370242017577744,-0.235912176848014,0.0671835502936183,0.332200913138585,0.101496839869925,0.331892234657608,-0.030135588025901,-0.609091787091848,-0.240366569885146,-0.0273600896259241,0.0533399429463441,0.24625930263659,-0.094575773045578,0.267300777317974,0.152767519830267,0.288302702316674,0.0826121994352752,0.223510481251706,0.0310888257440265,0.0553601329300021,-0.0438727952910414,-0.0183441537971525,-0.00670065022488783,-0.481889810596351,-0.0770628521623025,0.0934857144173726,0.0106388353163637,0.116419907509472,-0.0624512127239961,-0.188236273070296,0.0511405517333828,-0.360852625251336,-0.0572012674413641,-0.277216331743367,-0.04016608967172,0.113735253718855,-0.127901641613301,0.0576691807854966,0.0504813689009754,-0.44388856384239,0.0399284121909488,-0.477627597279126,-0.100525931927496,-0.184314958412666,0.00931186388811083,0.711208692121812,0.000322710670165892,0.717197182811463,-0.114479549084449,-0.655522529483212,-0.0103176986659351,-0.678961275061733,-0.101044133935265,-0.244084213051602,-0.0413995163836361,0.404713286602831,-0.132326976247499,-0.419037633000639,-0.0460152583417257,0.709050128089626,0.0179941713681822,0.18445687796365,0.0215047260984753,0.240157045440318,-0.00312366232881044,-0.294923410019769,0.0826590738138908,0.746002687428018,0.0456762614330101,-0.372322248857625,0.111134452727471,-0.768265663259818,0.0513518196713571,0.537141992201172,0.0939808911005355,0.0670064536623982,0.00856862147216443,-0.311289614461445,0.0635117154247161,0.29158341387237,-0.178355959692842,0.531301888049118,0.0480859175000665,0.071703481094592,0.0140421810822042,-0.577200086090638,-0.0657135460128213,0.015903963339796,0.0133683546700915,-0.190525401558337,-0.0820565494820486,-0.122743986979392,-0.00610061120128571,-0.238385502194223,0.00846668805143379,-0.0732148721844024,0.0955889982514657,0.136163499349594,0.0287313826078052,-0.0287008256739453,0.119425350913811,0.222007461261422,-0.0988204932793689,0.290169628762212,0.0637314617747314,0.210696023945476,-0.00494177462867401,0.0204565748938273,-0.129666777952573,-0.391280818586398,-0.155402010470081,-0.786261646352824,-0.186893351320478,0.849108087154392,0.175712280950153,0.201985975637842,-0.0247124776792481,-0.378457720731499,0.0104022084784023,-0.181436508233444,0.039194096884163,0.529726664871087,0.170135949835759,0.149190206107701,-0.0246021692717111,-0.286000768015526,0.0241369844712809,0.107054447256166,0.0529572264602673,0.0103485537232324,-0.102156929174756,0.342277218735962,0.0565659078945154,-0.0427242011782145,0.0172571155342514,0.44355643917186,0.116002299900675,-0.397388422463905,-0.171236226363695,-0.301234985525259,0.021837353455751,0.353018387878367,-0.0938004631104503,0.65567129647342,-0.00209431152799389,-0.407399070354324,-0.121112233097925,0.0713623899527741,-0.0153700358552412,0.397361282999282,0.11791074262818,-0.0690066985951606,-0.0845718246185834,-0.353661282307718,0.0189823363781434,0.431147579824631,0.0120310668719788,-0.3020972879916,-0.0406763147140975,0.188923532116853,0.102118959979134,-0.238245813058007,-0.0580999946879205,-0.324334308432884,-0.0237491543777382,0.110560447466722,0.0777012740217966,0.0553416812015514,-0.0996117403812219,0.214737202085667,0.0212259623160891,-0.0501224043112493,0.06321587526699,-0.201682664238612,-0.0897687038196098,-0.219715481459398,0.0464992315928496,0.0372534096294026,-0.168486808748778,-0.323867665278906,0.120583725075949,-0.620964800012788,-0.0757945757176669,0.0379073759214153,-0.020527818739709,-0.172975682247061,0.0650891952072163,0.0336550068747896,-0.0241090730662596,0.0277335980366408,0.042067452099468
0.207728407030949,-0.0053757398779536,0.340442613079514,-0.00459378615033025,-0.00674646511034828,-0.0117292171257189,0.0986559855019239,-0.0996697561525026,-0.0365671620345295,0.0311419963932217,-0.0965223724706196,0.0517530636707583,0.379107126796668,0.111073699886816,0.332471257476806,-0.0150379501695874,-0.515309309559789,-0.255258029255088,0.166058667505216,0.0492372200669632,0.265051875385876,-0.0762307744641993,0.245484921254723,0.155029948561961,0.282804779738127,0.088789939402542,-0.0280688288172856,0.039549375891307,0.173108871091745,-0.0375335211609321,0.114486107767419,-0.00910279980894966,-0.382769817651838,-0.0985008394952852,0.138007487250608,0.0144166371491198,0.133023447028023,-0.0541773090178271,-0.222641807573251,0.0378859363414243,-0.398245237607922,-0.0712156094866614,-0.256759281877448,-0.0523396990368839,0.0906707066107627,-0.114396721495135,0.158596592893597,0.0508603841477782,-0.304475966957106,0.0159835932503488,-0.464785322917623,-0.116065568289658,-0.2296247104469,0.00257962922130353,0.650724856762971,0.0339613258802794,0.806537049891636,-0.0701015061978975,-0.661107192948947,-0.0393874526436652,-0.549559123031916,-0.127440779491413,-0.295786393745526,-0.0501152868362487,0.506317937431948,-0.103106138799072,-0.468980817894054,-0.0644635545138,0.705179362815952,0.0502726900011954,0.28920112961721,0.0278122019533352,0.259542274200541,0.00511822637096984,-0.249915493054831,0.0615169566309834,0.835340543359487,0.0784363723453839,-0.545646155384917,0.0858397607156124,-0.786428306607124,0.0113907999357989,0.549569700323297,0.115453153592713,-0.130522812119424,0.0107734279244636,-0.266377180382318,0.0449621192348301,0.39484334201077,-0.153789895647816,0.343249775396391,0.0727874154841844,0.129725374390006,0.0166720747935703,-0.617476905682559,-0.0877931722891363,0.163135081215612,0.0110039343081887,-0.291715297476355,-0.0862177285618821,0.0336972630500896,-0.0114879963158095,-0.189386001431151,-0.00151561288172247,-0.207364894051684,0.0854232667878439,0.00978243506078536,0.0364076944031471,-0.358011668444957,0.109515527336101,0.53060077299858,-0.0814214058058253,0.241352143110794,0.0755987589605366,0.192781623045917,0.00397239886958298,0.0743783066214784,-0.119991061746327,-0.27189293859189,-0.162908872277005,-0.695025233673792,-0.213850065477862,0.822106716433538,0.206473345657427,0.32985494096437,-0.013124043695967,-0.569752482871327,-0.0103020247526966,-0.371237051397982,0.0288927798243581,0.404778381088943,0.185849109769479,-0.010534791342318,-0.0173658290761146,-0.341848779813681,0.00769274923935539,-0.0147645287167648,0.0573127431857478,0.0156515981137007,-0.0966793361662147,0.229466183678325,0.0676781040244697,-0.266927333789476,0.0143920751380325,0.250847123388404,0.13111296866009,-0.261668562570101,-0.180449952066051,-0.233972501793568,0.00500704175371782,0.48600193957096,-0.0718910854534729,0.879374155119504,0.0318108047427122,-0.268353740501113,-0.133310620196586,0.0958070490370398,-0.0137494287554125,0.285365369036973,0.130723472997651,0.155071385423587,-0.0840919645353968,-0.34347811799519,0.00290206314257121,0.324663927136525,0.0328936888588244,-0.405923300927477,-0.0543130877139028,0.12066346685505,0.107432790987279,-0.334108741352442,-0.0672547622281686,-0.296083912932661,-0.0358250492876347,-0.152060314963908,0.0756080768942494,0.0723343303238953,-0.0924054878177043,0.227793184820308,0.0317316444114208,0.0485354316462202,0.0559511797257186,-0.289024348285002,-0.097164308858144,-0.168077016176579,0.0338384875994415,0.133146574086238,-0.155191351784096,-0.443632891567022,0.0992409753043135,-0.665220693642826,-0.10165665339149,0.168962862467392,-0.0188996814928993,-0.130684099402344,0.053706961539932,0.174338118917439,-0.0198378869513371,0.0591724830272174,0.0408575320243895
0.194743966739745,0.00426521776753714,0.180807229619851,0.0135730418580358,-0.168070634354121,-0.012235107981271,0.284357294434977,-0.0893704324802184,-0.00163106669951627,0.0229073027607113,-0.118534880843797,0.0423669047954339,0.203071347289711,0.123920590381445,0.575139018326454,0.00290509692951777,-0.382023490406991,-0.267150317835703,0.399118205164151,0.0531811843447719,0.468352784786412,-0.0588693944786536,0.120795863441562,0.158696261637321,0.243695882288275,0.0959985258555086,0.221373818999106,0.0337618977426533,0.148618526369911,-0.0244876227269353,0.0376475158954594,-0.00182901364036263,-0.297533200836207,-0.110576385252866,0.0420431436907257,0.019128571598227,0.339566717079997,-0.0477071288015106,-0.18059852810493,0.0248675836453502,-0.413339503407572,-0.0862654509718397,-0.115499004418932,-0.0618626156482821,0.136952854612469,-0.103805908079448,0.313161681885958,0.0572868582299538,-0.352966582887538,-1.5467778223528e-05,-0.487004128867248,-0.13129635841588,-0.122755988717332,-0.0113666267533663,0.6319223397223,0.0616570512810292,0.962823178224763,-0.0241323222568138,-0.767185735050566,-0.0688769188490529,-0.308734764086174,-0.147129723049216,-0.327682633807147,-0.0637515287332125,0.613243586606503,-0.0726578153129175,-0.282863389384594,-0.0814542017739905,0.628157936523494,0.0830272310320416,0.254312811953026,0.0413636333548627,0.293934066336919,0.0154431149716026,-0.362009772242621,0.0470041014714236,0.861652944771939,0.112751005601937,-0.41996028524376,0.0545420546473213,-0.877220214053806,-0.0250894173880665,0.338817872467086,0.135208268591675,-0.187280870665169,0.00427665501671183,-0.272209300859997,0.0290542261170093,0.560385969120052,-0.124672674854132,0.33780221365473,0.0870058362277754,0.0682794940130874,0.0224924596981185,-0.440467736858248,-0.113388149907714,0.236065039995172,0.0184526016727313,-0.201860929603406,-0.0958943479549438,0.193040132603704,-0.0128660619205278,-0.224236819065889,-0.00926097228567972,-0.406633796865604,0.0686785861592514,0.00457145567840048,0.034535223866208,-0.58164811231843,0.08672985504171,0.69605746092788,-0.0524818207344393,0.419061881924317,0.0813416702931953,0.0606103655150533,0.012920814886854,0.274096554570635,-0.109767446735577,-0.207889828921184,-0.166757140597782,-0.550255713927504,-0.23711258429292,0.371653263325355,0.238207051010824,0.275448981673399,0.00526132300660611,-0.425420494142523,-0.0388507963712399,-0.257601932075981,0.0113390725383701,0.308063236611829,0.19344277256142,-0.104708507351859,-0.0151536317275602,-0.184263377799894,-0.010043867735991,-0.0294196994068748,0.0529142235749695,0.126971402257579,-0.0881853008951933,0.143573233099954,0.0768388052971887,-0.387888574964269,0.0029169897239806,-0.108686572153399,0.133978941609499,-0.179360586947544,-0.182398619243717,-0.32202406136168,-0.00675366407082572,0.481584815530923,-0.0434912812964411,0.89646936358063,0.0747718274512302,-0.13252824563908,-0.139098372297327,0.163990330798875,-0.00783976399323289,-0.0150604721907141,0.138584359517108,0.19887320547179,-0.0726254743228075,-0.342105072104256,-0.0185550671593857,0.564362816667831,0.0480690407176878,-0.336222972500846,-0.0697643890681419,0.115520576828672,0.10609286089213,-0.408220020575195,-0.080186516876078,-0.285344484421257,-0.0490659682364075,-0.321888735951562,0.0660949967028798,0.126177902482554,-0.0826276859415104,0.195576214731019,0.0410125090504232,-0.0387536767361612,0.0564002948027859,-0.235108446021937,-0.103910352318285,-0.370701926868932,0.0217733811302044,0.340897587197266,-0.140023604896432,-0.586817925332363,0.071138073346569,-0.392925528376736,-0.127331170416036,-0.00276832645096336,-0.0121615344198768,0.0653290186700504,0.0445509062553567,0.0460800759984462,-0.0114822457696583,0.123706682930869,0.0407620721634719
0.155034655556761,0.0148676972697349,0.0678332840971111,0.0210884700518338,-0.0737148184983265,-0.0206224733196152,0.464283990909986,-0.0704720772647951,-0.0172134179112123,0.0219276751689775,-0.166479257043622,0.0317178506818108,0.0315664385353647,0.12771829417002,0.565594057687548,0.0303194229614565,-0.366046091264672,-0.269112774568154,0.081855025924073,0.0678791849245531,0.505117824321265,-0.0313807182162813,-0.116195573412777,0.152884647430697,0.0665571577767669,0.100299308897943,0.312119351802087,0.044004798350284,0.0951640322255783,-0.0140122554839384,-0.0243684988605705,0.000938163170170577,-0.246289275192703,-0.117940979489726,0.0300891970982055,0.0194571943801347,0.489877890561999,-0.0278427305724315,-0.12536667246638,0.0140553445403524,-0.235427850152706,-0.103451761698749,-0.00502509651524034,-0.0645078982133803,0.0910877589582309,-0.0904911273025362,0.0695946596305058,0.0677673909168465,-0.210467922800412,-0.0207858516897779,-0.381699230226017,-0.147557494490446,-0.104657004664651,-0.015658513487073,0.70576432644583,0.0879536731301101,1.05028694843006,0.0258678309265524,-0.850896141387261,-0.103811771948505,-0.263467780715701,-0.154899585244893,-0.226890213705058,-0.0770208604383247,0.610871306999129,-0.0385834530311179,-0.25177123215324,-0.0881618654675298,0.554035569937769,0.109272395457412,0.224779778798772,0.050145441810278,0.399466881429546,0.0277160098857518,-0.172994217605054,0.0265351086918046,0.575611057642822,0.15065234296355,-0.429905503306562,0.0324930521392521,-0.89487349980561,-0.0659431141817094,0.24452251380465,0.144060160989916,-0.0598697591585036,-0.0034448855272216,-0.366808048981155,0.0140811833189916,0.657278863225779,-0.0927428993025084,0.18549993577232,0.0974033614507117,-0.120336031380075,0.024109472621423,-0.273492291191838,-0.129682494377239,0.0754574174244159,0.032683775996055,-0.00935704672937216,-0.0999469581159552,0.130810034837468,-0.00305557019858764,-0.171626559503785,-0.0226483283278838,-0.546644823653123,0.0432038227139325,-0.0395315783135735,0.0326946180775049,-0.642805827390482,0.0529084919461972,0.764009485587208,-0.0133886378238204,0.38063504497206,0.0956251592510075,0.085372856690227,0.0162423222966935,0.178393861657353,-0.0913047672933121,-0.223337825588536,-0.165719377573807,-0.485343377621329,-0.246046203516949,0.170883619956431,0.240440688933576,0.287888283108283,0.0144037937062509,-0.386638725057007,-0.0568497025578847,-0.391592305188985,-0.00592763985507727,0.280194068012717,0.196670873037034,-0.182882866733685,-0.0191199333752425,-0.276033600699075,-0.0189540189739039,0.125272042654078,0.0486797896355832,0.237564443971227,-0.0794476386323931,0.30098230900671,0.0809460663256094,-0.580620863916886,-0.0183165627674008,-0.277669542575992,0.118944428272047,0.0661708726480776,-0.179976675828074,-0.295690616009613,-0.0241023101528426,0.296888150756525,-0.0192181706972214,0.748285741481747,0.113225199619082,0.0290005412224501,-0.13656103864665,0.3508131028692,-0.000415819500784995,-0.134404612388136,0.131162319782148,0.315079196775854,-0.0586437025672451,-0.315152078251094,-0.0343255658139024,0.45587231413444,0.0727650863490197,-0.244310485504733,-0.0816744538958334,-0.0903417346932202,0.104374924186072,-0.190297906123344,-0.0964008920695767,-0.232444497450784,-0.0620841949903953,-0.255838812968174,0.0450601895625839,0.0854258314305335,-0.0723966327535766,-0.0965504330542292,0.048342080020163,-0.0280434961823587,0.0524968379581884,-0.239635633422687,-0.111858852057115,-0.492402202106989,0.000707562646629689,0.406922568078844,-0.113697951661647,-0.732367479875277,0.0385003042218545,-0.224465136190701,-0.135342043704827,-0.178446397585327,-0.0117947068921893,-0.0234987674932632,0.0465624600237217,0.104932918315636,-0.0110088208484409,0.0556497062044729,0.0464816915481076
0.234974833335476,0.0215927129471851,-0.158401303917494,0.0210571166725732,0.00423078248167563,-0.0238588711325867,0.599145203271438,-0.0454409392069612,0.0463412433404181,0.0228160569965121,-0.189201792260588,0.0180227600474296,-0.0141071138007479,0.120800458415176,0.467843742043655,0.0542742068780494,0.182479271946955,-0.270382417038796,-0.01126110833481,0.0688021374447609,0.450976135110638,-0.00565857308925419,-0.318018496206809,0.140977093653136,-0.0154586444780095,0.0973581827698055,0.297787414599825,0.0573978709056249,0.225415999797224,-0.00801146019723237,-0.0357599158441434,0.000171043504163148,-0.11340884610954,-0.121474579953583,0.0456693770656058,0.0177288883011837,0.4292315205868,-0.00202794734560109,-0.290048906582992,0.00897704121509426,-0.394048533084699,-0.10678293766133,0.0854319927763118,-0.0604945496131086,0.125459135119373,-0.0812735259148217,-0.111857593528377,0.0671873736626624,-0.181173880649073,-0.0316074608414076,-0.415756769692332,-0.15647126325347,-0.2189694412058,-0.019099054383148,0.543900625847612,0.115924581395698,1.11878950117916,0.0751176741638876,-0.841730428189169,-0.138594861973336,-0.138584010692883,-0.157438589747107,-0.245380434241406,-0.0838077946829681,0.646118007803849,-0.00615500147049955,-0.251052073028064,-0.092544565011565,0.549931011974872,0.129675390756972,0.336186068872676,0.0591091826443769,0.311452745446525,0.043180912659569,-0.0209655702832442,0.0159934480958686,0.564252422216061,0.167028841526789,-0.556225518764995,0.00970813641778651,-0.917293612900553,-0.10836090961808,0.158889797908311,0.148883490932193,-0.00584877583859917,-0.00834184488875488,-0.492909224856309,-0.00373949047355547,0.595106674780212,-0.0578568963924025,-0.00641342906771064,0.100132037363409,-0.00285955086747976,0.0166798784368017,0.0236552779170421,-0.135003748922359,0.0184058734066406,0.033666554679561,0.151870130446404,-0.0960787148473368,0.12303193034821,-1.90289352545381e-05,-0.115798332615947,-0.0291521381627121,-0.636952991931871,0.0147816647414004,-0.207977719131194,0.0286909954922612,-0.825329290925796,0.0185256083003757,0.748720655077646,0.0224705029218226,0.430923793655013,0.111146313394519,-0.0206700570854545,0.0202983329811024,0.353351932005417,-0.074537434521244,-0.133491726991811,-0.167223653761027,-0.376454000510797,-0.253073360471933,-0.0814901486247178,0.233743885694905,0.361693587133723,0.0283589862804464,-0.364945061833543,-0.0734436579194059,-0.543916665011836,-0.0257384357502113,0.114020396982466,0.197205297180946,-0.222889575841471,-0.0257062531193939,-0.278760512088416,-0.0287826318143966,0.234785346253107,0.0518345881777158,0.28214462930035,-0.0642886163574321,0.0242656702110943,0.0951511059326398,-0.705191662855471,-0.0463104628658622,-0.269886250604413,0.0956595557952487,0.324311535331998,-0.167571228270839,-0.297723822781924,-0.0385198013858492,0.261234825998081,-0.00436515167238058,0.628802824707477,0.142484728125935,0.0994556057835503,-0.125953907473493,0.211874379765387,0.0178089161268878,-0.310930698517873,0.117516764206981,0.314804224748646,-0.040871024402255,-0.457676228922089,-0.0459356725765119,0.396628513728437,0.0890972281878846,0.0115642468368526,-0.0893503022653356,-0.372832325520762,0.0927306569063818,-0.229947728399744,-0.100655911324993,0.116845169911049,-0.0707494664369011,-0.159401529741622,0.029212167904492,0.163063789220974,-0.0633678292108221,0.0737451624000778,0.0425904732542619,0.0460422926117632,0.0460235696291832,-0.152155510113311,-0.11665610337085,-0.470884402873725,-0.0224420458588838,0.562615814015609,-0.0880843672214139,-0.622451411814185,0.000736935615047612,-0.0337537665498959,-0.135940809199225,-0.320824264608481,-0.0215321973598995,-0.241006263675973,0.0442261909855121,0.160090046885801,-0.00241266779410041,0.0278334776983986,0.0463633877639592
0.257212010486853,0.0323873641698996,-0.27875196262373,0.0112445120345486,-0.055558522384198,-0.0182146271706414,0.621302534088278,-0.0137547649819848,0.00176174994887823,0.0234509718918434,-0.375601594801892,0.0085845530978354,-0.197730881777716,0.113778603463998,0.60472257121019,0.0745630667649437,0.316078762639571,-0.246642162013308,0.0277674230040576,0.0661776517636071,0.378352352956987,0.0215878441554759,-0.639266021800114,0.11591036598844,0.0585022285810637,0.091285044344043,0.300362055697463,0.07246745088042,0.279966269995859,0.00221886048884627,-0.0654110608348031,-0.00115913245754075,0.0593059214482145,-0.120932634968259,0.0730430856741956,0.0183701417416895,0.446292567421901,0.0154507930893289,-0.357871410929623,-0.00555041585855243,-0.389204973884531,-0.121150150294089,0.00767664462402081,-0.0526276900630397,0.442268231285024,-0.070622387568985,-0.178680364289561,0.0592510194521798,-0.0364414579689586,-0.0383640124976082,-0.27371048205793,-0.165862053206365,-0.134806781947229,-0.0270307389768544,0.449691512872371,0.137016738520559,1.01303823637245,0.123752564678292,-0.709951285660785,-0.171489856652956,-0.0468237191206385,-0.156163156448772,-0.0655845996164407,-0.0912413804797606,0.509604978875895,0.0252705645790182,-0.170772308509481,-0.0987711565286365,0.374775417002691,0.148415959196173,0.478493170683013,0.0725831155058867,0.433951948149538,0.0552749802679752,0.178992965213284,0.0131443776275279,0.385254469236809,0.185725436568073,-0.310378251475352,-0.0177685045585709,-0.808841945008054,-0.146566134002904,0.045557097075123,0.148129208026451,-0.300901153873972,-0.00768675462894594,-0.399246726099029,-0.0284208454854586,0.71792601959019,-0.0264165410673266,-0.115046727572844,0.0944452806715353,-0.115220304524279,0.0165724512955462,0.0215764727498529,-0.12616525844053,-0.147283025967881,0.0324701563700877,0.271116241053452,-0.0809004871498721,0.176061560123877,0.00863479295296695,-0.203934588890398,-0.0327967737103202,-0.89719980881859,-0.0154224372500671,-0.0769500126029941,0.0167301508064881,-0.80690026514646,-0.0188658540455135,0.856596113426151,0.0579139650118355,0.523184844883158,0.126364580425198,-0.0017836721933005,0.0178904155055192,0.340003378199149,-0.0518893165516089,0.0354570429240315,-0.162034131261058,-0.195289508504553,-0.254846791394396,-0.331438469094895,0.215103250979501,0.222858954980582,0.0454383408902981,-0.0953749546702611,-0.0856932327772843,-0.333732304351267,-0.0496552526737457,-0.124254423566649,0.191313269721777,-0.229861129227192,-0.0344770197876356,-0.0546858630268495,-0.0402612888399602,0.323048555748806,0.060572368214389,0.440760304970982,-0.0477506219359584,-0.163291166748774,0.0920575946538982,-0.450355503385029,-0.0774229916624229,-0.256385440501309,0.0774327314848579,0.462470572300977,-0.142852193344488,-0.408478324909747,-0.0515643514441168,0.298417532412404,0.00873428579006842,0.563148768134774,0.162320823553815,0.191445409071792,-0.114263598699937,0.274163377957201,0.0258782227814853,-0.343103003190908,0.0986121081950353,0.3955853373445,-0.0228129780940423,-0.597454998495371,-0.0654745398010955,0.40053225620081,0.102362553701213,-0.0157571350067717,-0.0864417101753153,-0.429852973552059,0.0698364713659022,-0.326797009459857,-0.107724161987541,0.187251886856545,-0.0598700179601973,-0.114684683255049,0.0196415278448282,0.117168575898069,-0.0544426713237257,-0.0232175863184438,0.0428700519718392,0.0851029956507526,0.0450944866213165,0.0237089065148194,-0.116770489130307,-0.348033905525455,-0.0438757001294557,0.55667008713969,-0.0561275814510318,-0.3212627417327,-0.0285161659849949,0.145099483784808,-0.128569056048147,-0.281952233989579,-0.0377796723490304,-0.38279843712294,0.0328423267847338,0.0986953364703956,0.00481233388587561,-0.135820772673131,0.0458713818583463
0.260079815704822,0.0438939146898342,-0.223447588304204,-0.00393656665421319,0.00923697601360039,-0.0217868262670325,0.504439779083216,0.0186325571517027,0.151727128510753,0.0230528422170806,-0.600605943231917,-0.0101131748427281,-0.188609342902182,0.100790527388492,0.466987671967787,0.0962294080974753,0.563790393305154,-0.218185662470509,0.0142910247228471,0.0655642337823381,0.287783121516134,0.0385100345916419,-0.565058063823495,0.0754959262186021,-0.0445449868932971,0.0900455589171593,0.311227089650258,0.0848874718687213,0.31108302427339,0.0174183749867473,-0.054792233235468,-0.00223268244666764,0.18277052069252,-0.109060841182245,0.0523712755131371,0.0220561800018464,0.496903981852626,0.0316748477736733,-0.212680170284503,-0.0205310229750645,-0.307161661830158,-0.129236101704349,-0.046019750147382,-0.0507578690818916,0.414413665916633,-0.047431229268557,-0.317185844000622,0.0456889068560766,-0.00920980329475933,-0.0374435550620311,-0.104832740954353,-0.167524888888384,-0.0571567101583799,-0.0320035550494907,0.358068988764605,0.15092928235224,1.00699202261222,0.166043788568681,-0.59501222633976,-0.195863728666628,0.0324166901938971,-0.14668220768377,-0.0590024679854072,-0.0905979657274401,0.520220077951272,0.049568890969757,-0.1006599379663,-0.100649548936261,0.172720382882593,0.157000327810537,0.401707476945029,0.0927407740633053,0.18621889428211,0.0707912423393936,0.166451173514494,0.0194039390614816,0.371489649632447,0.192503263921626,-0.207341737045601,-0.0350217210859427,-0.483580246421995,-0.176959959119124,0.153199006622555,0.141037542083286,-0.356990128231703,-0.0224759891783372,-0.260093499314272,-0.0447804823322627,0.826718876515922,0.0108242993707702,-0.296698636777522,0.0842540263054784,-0.185797697825708,0.0115438765441983,0.270733452642818,-0.117968625637706,-0.102405278299252,0.0224512170433847,0.281868121103799,-0.0607883425786608,0.0661212314871439,0.016680632084329,0.053468877620432,-0.0426213693782192,-0.944021528372172,-0.0575914596534506,-0.245585450607909,0.0113812464848873,-0.659018979661829,-0.0566966536022455,0.657849742355001,0.0961242376646307,0.302421801934357,0.144054975082073,-0.0137648321727985,0.0170874826364849,0.575418283963885,-0.0316815011220853,0.195519846486486,-0.153314385056842,-0.170814597662439,-0.250483668057518,-0.462082413552737,0.184712055637176,0.159516609266879,0.0520901068183551,-0.097989455534179,-0.0842905120763503,-0.342555629353639,-0.0654432665497706,-0.29947359316529,0.173927171668876,-0.137248939577654,-0.0442572543188741,0.185031861597718,-0.0401297961150116,0.445799702002915,0.0716645972163812,0.470576680837961,-0.0232666275847631,-0.222575173575572,0.0797623960090024,-0.418068150220324,-0.09400131331983,-0.264224415432309,0.0592324325451496,0.442001493130136,-0.110520041265591,-0.476783355451447,-0.0690766708811005,0.254211450429872,0.0232118988323752,0.546311757069742,0.182212984464684,0.304420407826055,-0.0963336268566971,0.182955460947099,0.0381052362798619,-0.455243367557887,0.0778418021001323,0.322552783083896,-0.00383473268448649,-0.672632872744783,-0.0909268806044213,0.402336075187401,0.115578120846936,-0.0474591975783144,-0.0843204256620044,-0.524644124007273,0.04505951156375,-0.238064009113203,-0.116323785890515,0.185639685495612,-0.0486938744371937,-0.218440103406773,0.00967273702869904,-0.0634730664357746,-0.0451707592003939,-0.127666361569864,0.0401343350341788,-0.110750422236125,0.0453911557965287,-0.00762079841773158,-0.112414895750704,-0.309013691610204,-0.0598579517897758,0.576229217940654,-0.0259127540004129,-0.166475972918326,-0.0401029841621667,0.19101014717923,-0.112371225729979,-0.313522370892767,-0.052332109946797,-0.337254923145053,0.0129862636765744,0.167640891855261,0.00933810579901399,-0.0905370299157781,0.033794932930992
0.289857581732391,0.0523707714064224,-0.287853933749254,-0.019644887741397,0.125568602148554,-0.021127953546337,0.600580163262325,0.0417157386639139,0.151312489269583,0.0279180899707556,-0.676539234764457,-0.0404438779049944,-0.391868745321916,0.0858426319340588,0.31122256249555,0.113837791913417,0.665554917029006,-0.178263016186376,-0.156427015089897,0.0643081109282742,0.149990431198536,0.051606262564363,-0.64263882555494,0.0437012016616963,-0.132885511356789,0.0838084910661673,0.515964599172144,0.0952682494804424,0.148732464813825,0.0315527661453499,0.0750898290855077,-0.00525520679537324,0.0650314279537338,-0.0927527017992286,-0.0224951200090627,0.0209426799462594,0.463313136620691,0.051864143657228,-0.203315319542022,-0.0287802283583337,-0.131061122189812,-0.134849985190702,0.0430631068339259,-0.0518101379044423,0.615772351964915,-0.0253920502685854,-0.30071599755765,0.0253083293031012,-0.0309450759431696,-0.0344381308929425,-0.0881157498146397,-0.162173008569005,-0.0523270529122906,-0.0341168893926732,0.20404616668578,0.157929977596525,1.12986032467653,0.202217730231288,-0.431376481263059,-0.21200987357609,0.180456181158449,-0.136646231354863,-0.0446046431935822,-0.0906930264441997,0.435031225302915,0.0722105083632837,-0.0565144707604032,-0.099075964018784,0.183431378867254,0.155907454788588,0.430331672550308,0.105318646577135,0.103926602431839,0.074918451131254,0.19624209069822,0.0273976184894073,0.360098826856281,0.196467777478549,-0.0947087526343644,-0.0461203079052087,-0.156352038151109,-0.18851323060575,0.101378355894584,0.140923895287299,-0.360898928522709,-0.0361035198005952,-0.12023069644871,-0.0548756908980368,0.801303088383681,0.051951927782272,-0.372098491855304,0.0644278497639769,-0.388552780296063,0.00470667421975215,0.372663900320387,-0.0970484818724257,-0.0814590220671362,0.0177906393504336,0.224743988625509,-0.0419471957137425,0.193307823927998,0.0177565381988635,0.246972158896714,-0.0360762599586734,-0.924106370845554,-0.100152848890714,-0.423199654723688,-0.000921360084544301,-0.636545902178451,-0.0874301180726946,0.456634377185068,0.123524210834803,0.209267559701442,0.152503532810672,0.0828838805469992,0.0160636953537557,0.423470660776285,0.000493288272701339,0.532515270637561,-0.135213407914326,0.0604203885924311,-0.245310503833493,-0.60477034556558,0.151026171588184,-0.0863890201049784,0.0594284382072297,-0.0877344183224822,-0.0849793441944393,-0.110849058773041,-0.0781615193631685,-0.187844955660029,0.148502698352273,-0.0819414186593852,-0.0482987294721242,0.313708477485876,-0.0294107350463897,0.477785979971703,0.0898194715596446,0.528475940512319,0.00161533783822959,-0.456086093519955,0.0647764439550339,-0.46214295430478,-0.108543335320151,-0.265105039310828,0.0437611814142852,0.633051789967805,-0.0848498100752689,-0.363886609243186,-0.0889250066350668,0.328416094931854,0.032925847090826,0.339563812875206,0.198662100397125,0.321279977978894,-0.0759446418815657,0.0139542773350689,0.0455775607619814,-0.573914505147656,0.0518825320940038,0.386789145350693,0.010671408624548,-0.591204366892032,-0.115496250887606,0.402096763292639,0.126523855071069,0.113073580592049,-0.0812262887264202,-0.612757358314142,0.0140806028690176,-0.173194106315335,-0.122520469805425,0.273988693585769,-0.0347567750633347,-0.261287970699968,-0.00419032419938079,-0.0529745885580582,-0.0447373000508534,-0.193862846129681,0.03066104124821,-0.21970606680425,0.0387440197121866,0.249600953971198,-0.106586474913557,-0.280921762607524,-0.0734222886270422,0.497189870780737,0.00366007369919908,-0.199177594066683,-0.0493686993415644,0.342981500109731,-0.0960132660664173,-0.0314578889712226,-0.0651985321154956,-0.302096530969033,-0.00576053192681553,0.182787526640293,0.0154525510550118,0.0354890960536945,0.0302800073997963
0.387045783702432,0.0626298383742895,-0.258645370114667,-0.0342521106881024,0.0707565297292683,-0.0134924342521748,0.411078003360747,0.0671811130983075,0.0681078789441654,0.0312864426419,-0.595641549833419,-0.0716655623403964,-0.571589935023764,0.0613647182821079,0.236669908776792,0.122453659155114,0.812837935234421,-0.133931191646607,-0.0828489494730586,0.0485688534641143,0.0943345844421249,0.0571014147308239,-0.700240846930111,0.0108426988581874,-0.318880620537114,0.0715294836076446,0.362213843282575,0.113201691512352,0.088948725312141,0.0400934148361369,0.00230526147190731,-0.00216977257465367,0.310730251334736,-0.0860256041856149,-0.035991766261578,0.018875982638343,0.499162243952431,0.0727989380883326,-0.156911506125375,-0.0353353410536336,0.00426276943800225,-0.133688941646648,0.112284632908366,-0.0467979570633288,0.785800136797525,0.00513112345709017,-0.130914284423635,0.00777153453965178,0.0154947874987272,-0.0323130811894562,0.0750314468813289,-0.156983652789282,-0.0382611376912466,-0.0355860826421626,-0.0689032201573581,0.158896149880802,1.01085131767996,0.244381003320267,-0.304929822262034,-0.22122470502463,0.198694291971031,-0.121594008503444,-0.0088424522218709,-0.0895986936406861,0.313771700157942,0.086719063631423,0.0564991194627929,-0.0973739919865366,0.182507696479305,0.156212526253064,0.265376520277154,0.120465188007971,0.0369371091337481,0.0752830411316214,0.0836009191810011,0.0334751657949104,0.14022935982845,0.201976827786932,-0.128181579946457,-0.0467113999277047,0.0727604711383168,-0.186281721352715,-0.0974806580974255,0.137057925844688,-0.420683172455437,-0.0509542162773131,0.0520806977444183,-0.0589915808423017,0.772364545145701,0.0902080840682199,-0.477485082752168,0.0435790113666207,-0.384120636903979,-0.014529459832955,0.477388275814419,-0.0737158618369348,-0.116911872254646,0.0148445058062408,0.291923393884112,-0.0275593372863207,0.412110862441001,0.0248026688299109,0.159762578647513,-0.0229981174532377,-0.777772794841498,-0.138965026712598,-0.444999761884217,-0.0227805790007161,-0.456832925372555,-0.114569143689595,0.375718742203261,0.139045714275523,0.325311744714761,0.157128137259241,0.00490764524463645,0.0216297922497402,0.382729364130933,0.0205395929315849,0.808118945422513,-0.102818897054791,0.371706166370556,-0.227833759023015,-0.693696040468348,0.111630074647009,-0.071531054373804,0.0548897097277608,-0.163331482586564,-0.0805863436842183,0.024444752883199,-0.0797800356880869,-0.368934217295941,0.128791192982849,-0.00373823600091421,-0.0493233639110434,0.256596599820789,-0.0121812178385527,0.26644302540492,0.109881805250594,0.521594713366879,0.0245806634106836,-0.608727957898354,0.035782057734249,-0.44439758051291,-0.125465049117173,-0.314660404157667,0.0287325802749535,0.866615153355855,-0.0478474676149553,-0.370667230950972,-0.102240600452457,0.0832316254479594,0.0452275176496736,0.331401531777183,0.205078772374827,0.327562674582272,-0.0553369834110839,-0.227506233446572,0.0448335536289057,-0.564159038026743,0.0200318559210439,0.243924578378812,0.0303870552356613,-0.526177233035741,-0.138409909373689,0.321684204218675,0.140427956885405,0.100621679130737,-0.0711701442507753,-0.452465253836005,-0.0160095265395049,-0.165587496378756,-0.124189740368787,0.243820725589682,-0.0189170856507684,-0.367897379773108,-0.0165838474370834,-0.0903068998166771,-0.0458171275161781,-0.153639295097324,0.0206525802547042,-0.103902205717002,0.0266965004476236,0.37723634317909,-0.0860071469190868,-0.311747139760514,-0.0821209825337574,0.495598655266862,0.0279503759820406,-0.243445996886339,-0.0560742027274568,0.408385951953612,-0.0736303674088489,0.13153870576623,-0.0639570981319238,-0.284676452649213,-0.0214247926914673,0.140563030877708,0.0216789633962227,0.00244816881214582,0.0304193229576926
0.227224659950244,0.0780390009027617,-0.197313258469293,-0.0456142033687447,0.215242555828711,-0.00834937108622417,0.27594225784501,0.0831406491727614,-0.190052204367042,0.0305227253871974,-0.546765116383541,-0.0992656247613177,-0.631475632205615,0.0289788669596877,0.305115997358714,0.129111844606687,0.855505334756304,-0.0863891695719921,-0.0851801551247108,0.0421782802850433,0.135373706944132,0.0571089962505223,-0.631588668916566,-0.022930088527805,-0.467535074933455,0.0527606500124461,0.339084326549197,0.124345396469721,-0.0506161555218469,0.0440010981632097,0.0537827148309442,-0.00323598688235248,0.42852377912703,-0.065489698985527,-0.168819201457225,0.0147120061599671,0.332528045073213,0.0941067875743574,-0.216630252918539,-0.0413376778479269,-0.0216833766327522,-0.12546435067879,0.0993703597985386,-0.03939654939326,0.764911449222008,0.0425610511664499,-0.165997837241676,0.000211467992003766,0.0831329580092662,-0.0321060647848806,0.235231610831945,-0.144942979077106,0.114694920882013,-0.0365013924633388,-0.222436317431506,0.145333315800765,0.976886974359329,0.279187898624113,-0.0831472947135124,-0.222210426169966,0.148660233244925,-0.104279250474509,-0.0217233138581047,-0.0858385446019868,0.162642948027095,0.0958017312564201,0.214205971888162,-0.0890213191917679,-0.0278317666364319,0.154587382625465,0.0698586777899244,0.124100923378263,0.0481004808335025,0.070410473590496,0.140572844011573,0.0354029877803443,-0.0109253300279493,0.198377381226801,-0.0909539851464439,-0.0501271683864235,0.393124443262173,-0.171185102860993,-0.377501602348969,0.127995930019422,-0.399278265131208,-0.0701650376244888,0.15090166275625,-0.0559542201779729,0.775980331596706,0.120065260828477,-0.467494955034141,0.0159933407497693,-0.460262877524146,-0.0315270239505739,0.588855503152074,-0.0442651663836918,-0.0175802671366334,0.00938103892659186,0.276788288879027,-0.01207661424597,0.185929105358317,0.0420182703844632,-0.0508496279633116,-0.0135151227566913,-0.737520501695533,-0.170896880449564,-0.117629288058205,-0.0409256742204449,-0.487058520624431,-0.131123715236951,0.128748528562642,0.151747623505389,0.122378768477062,0.163511714404343,0.0361016379811179,0.018291161239443,0.285183769987855,0.0354486304113276,0.717464238266369,-0.0585540858505733,0.459541966597712,-0.198519164089819,-0.869222358926643,0.0736931470481058,0.0153803174734349,0.0472749762441352,-0.0702060024107673,-0.0855488260778201,0.00231019905640575,-0.0753030158804186,-0.239630848912366,0.103173702001872,0.0404157304801903,-0.0472015759326284,0.347797098999165,0.000395718628923224,0.331191920363179,0.115801526712167,0.35622145851115,0.0484647962200311,-0.528802422963576,0.00424836487843642,-0.455683272945837,-0.137819086409269,-0.0788702841407563,0.0111546000718985,0.879024168097683,-0.00200678782982685,-0.337260898747873,-0.112257994473461,-0.123901421525379,0.0471157218342192,0.192499041448349,0.209013617669009,0.306941012367834,-0.0393797903979709,-0.264252473936083,0.0315605931738997,-0.510321872343788,-0.00659985599041688,0.332666774269005,0.0413478914793725,-0.45363847925797,-0.15648418748016,0.105785936207699,0.143485697602204,0.191128553382307,-0.063124005640897,-0.420108328402531,-0.0366969306165419,-0.0802048705965251,-0.126021360945798,0.304804019731407,-0.00621185789267931,-0.339716916909457,-0.0350757559946328,0.0148301604971234,-0.0492489042540137,-0.0162701673560103,0.0127066961413629,-0.147559700926105,0.0199582185454523,0.2939827881631,-0.0622994590261457,-0.15624503463995,-0.0958913083393364,0.588168276822793,0.0515890225253133,-0.254120144952053,-0.0635602617994795,0.389128486747283,-0.0495589013105954,0.11840195679827,-0.048223106930274,-0.221060619802243,-0.0327035565619638,-0.0203312363914186,0.0271246878110012,-0.233143046787013,0.0280324121776942
0.0223266329996593,0.0856409633436507,-0.124073616065658,-0.0559661778093868,0.114978157935862,0.00153526539314254,0.183240857235736,0.0929682797834697,-0.0090361699841136,0.0187803899510394,-0.626697980441256,-0.122222198813538,-0.544220423920149,-0.00173167916480237,0.35583048947683,0.13669663397681,0.993985255474439,-0.0416361241118474,0.0160748047133694,0.0364673226807222,0.161318936618041,0.0599332957655489,-0.511248291577555,-0.0539246293734094,-0.569944532526288,0.0299079989114483,0.228013329969812,0.13414866252373,-0.125998421474018,0.0393663366499519,-0.0546601447954026,0.000590975519618472,0.58026503722924,-0.0401226942816797,-0.127564896757429,0.00665456928580153,0.392175190732992,0.104300791955041,-0.150273243162708,-0.0500607069730697,0.118740291423232,-0.119142879177676,0.141056813042112,-0.0281902069445672,0.665273116440607,0.0790182041612594,-0.070382837742098,-0.00875480167038069,0.171235382906705,-0.025134147776532,0.336929962441645,-0.122508748235905,0.0804982411361015,-0.0289377688023526,-0.417527062840036,0.127400174373302,0.749997788308266,0.310873086806202,-0.142273478738959,-0.211354927543239,0.0878441660676131,-0.0896139437935273,0.0893859631494061,-0.0788784776233639,0.123644685193168,0.0984136530282746,0.243926502544418,-0.0729466817132804,-0.164294477135494,0.144938811921675,-0.0551383831146331,0.118765340328398,0.0751208622697837,0.068294779534136,0.11997866583151,0.0391322451970114,0.0197132351468767,0.185732341120204,-0.034066820936291,-0.0537971562512908,0.776686394404343,-0.144884531408802,-0.65647199234563,0.098388518875628,-0.346169495416172,-0.0860749795315269,0.0912742841950533,-0.046776485468064,0.575527715478617,0.153217167971658,-0.320107579100747,-0.00399492285042276,-0.564694044395057,-0.0539399976164888,0.595137535430308,-0.0134614570390776,-0.0908924821479774,0.00788669902005916,0.296221209428215,-0.000332190408344033,0.052586621083466,0.0473102430764609,-0.064459208197842,-0.0138886166516974,-0.499620431071945,-0.196213675309103,-0.211880934387386,-0.0452535015930814,-0.25463647739663,-0.146787640654943,0.0501635651994843,0.146572532483265,0.373711760803985,0.16261798174259,0.0888626794599553,0.0180694275514298,0.244793287802549,0.047072564708931,0.790758316093869,-0.0223712475808828,0.504265234232117,-0.166844303458418,-0.810704942515426,0.0278635953661372,0.0384421294170373,0.0468542830291896,-0.043944432118281,-0.0836653914719053,0.180050251621152,-0.071403918156352,-0.202208312991263,0.0860744806572523,0.0978949580955398,-0.0410488722234444,0.344102173453807,0.0153793927588571,0.209954603255969,0.12339491676477,0.448810561992003,0.0657869084718354,-0.670802958343441,-0.0199685470429741,-0.475601327376027,-0.155355464729381,-0.00834001460979969,0.00806709207681246,1.01973328845882,0.0416430913156108,-0.361634680902348,-0.122571015860453,-0.132085151245715,0.0404521043876838,-0.0285115724189684,0.206484902217815,0.334884741103115,-0.0237418647808672,-0.173091037370761,0.0200851165068111,-0.686355283095651,-0.0302808083593931,0.219262023815006,0.0545828869881334,-0.241780696399076,-0.169441063396757,0.0549453073981688,0.141446751726012,0.127991098263723,-0.0496924814047368,-0.338763873474006,-0.0599566213135195,-0.141137794781513,-0.122919760270907,0.286881651274156,0.00708157954592911,-0.25461198444144,-0.0498773220417226,0.0526912373265602,-0.0458322220459216,0.0578952483983177,0.0130453454509641,-0.0934586407178611,0.0114425270955482,0.425362227368485,-0.0429632821098493,0.0412881080537068,-0.0969421200524828,0.282914090494071,0.075341310939387,-0.0870442111356874,-0.0710265089026985,0.477423489796648,-0.0274685327141391,0.0788897562017726,-0.0393179316697387,-0.180085851750427,-0.0406409702905671,-0.174832160425808,0.023689097851423,-0.266706336813889,0.0156170473059624
0.0334495978690936,0.0843007310108791,0.0706324387994401,-0.0631173527432882,0.0791985624129974,0.00630203407418287,0.100051471004337,0.0985120294516843,-0.11358825220777,0.0208370260380875,-0.702310199860013,-0.145370211645535,-0.452539051175033,-0.0289488394830777,0.230127504167071,0.143575382393324,0.93839368060987,0.00957043632830556,0.0129456150196119,0.037633602582195,0.0467716097691713,0.0680948233848544,-0.585457537818398,-0.0763914177179928,-0.65202923373856,-0.000607628699437053,0.257233074621568,0.137040423120157,-0.171845285240754,0.0347602280835916,0.0150240996331829,0.000498059244932889,0.560874053805895,-0.0132089419003832,-0.148998703738558,-0.00016031465964886,0.205964905444496,0.118486727130905,-0.0371031584185685,-0.0541000359133635,0.0304703096821791,-0.108401495434544,0.277512966236521,-0.0198471572516945,0.659053900394502,0.10507439442006,-0.100508411730775,-0.012521142438654,0.308063006079649,-0.0157144587032519,0.287629669463512,-0.0979783662668621,0.191745916488534,-0.0248186460208169,-0.420190298992241,0.0982472713676105,0.645296277533428,0.3304457729902,0.0563367312440439,-0.204868669057518,0.151084273378409,-0.0771746819496932,0.0728791507307938,-0.0694969992983651,-0.1051046770442,0.0987791187775415,0.368861737225416,-0.0579399119066252,-0.238957471178612,0.127012206590967,-0.10867442186498,0.109003554502655,-0.0193207257591123,0.0693826402341235,0.0270882107045503,0.0424716493997587,-0.0275013757355335,0.173495398697128,-0.032460624051115,-0.0518275073089349,0.744960592793824,-0.0973304248281573,-0.870763083017782,0.060530019209841,-0.326940027545589,-0.0998269026727985,0.0177900437680739,-0.0405737107079407,0.45273332879081,0.170941050492985,-0.415318290882637,-0.0178728864818879,-0.590612657332269,-0.0780614071256668,0.419470427884578,0.0173062090889599,-0.170785648538998,0.00350058573251296,0.441602432197059,0.0151938917065788,-0.159049268971174,0.0490162010001978,-0.0154896267191885,-0.0161182515895053,-0.461097914532738,-0.208474968500217,-0.179761538306599,-0.050872686328014,-0.107020523911441,-0.151530056760881,-0.135078182554729,0.141078257730875,0.425105325292566,0.170688057432269,0.0662015797259608,0.0219987930576126,0.0608346963339785,0.0530546765062634,0.847661092721307,0.0146965231789824,0.656753299624915,-0.133341257124734,-0.82695345500639,-0.0130554579691842,0.0729760968026944,0.0463014900771552,0.14991044904432,-0.0827664316475218,0.315160180131336,-0.0564454469756607,-0.465141558389638,0.0716096643465048,0.103055159908194,-0.0357307484152515,0.458159714694208,0.0322047352113751,0.136227557593511,0.125920721168001,0.565744771473019,0.0822443971302309,-0.765481939361954,-0.0515075862911338,-0.334701649839633,-0.17223456008306,-0.00287703062320605,0.00917533761382752,0.951172555718024,0.0894329167621377,-0.0276363863574317,-0.13228486643262,-0.00631622910178085,0.0305718543120213,-0.121080808520144,0.192708931541638,0.409216120362472,-0.0040306867574095,0.0166142666079578,0.0104234209025096,-0.508999639433052,-0.0622330997768463,0.310635566025843,0.0645432239617078,0.0658063947125494,-0.167794116079681,0.157986875080811,0.135576905590983,0.378812389510175,-0.0393215964651001,-0.205722505567396,-0.0734595115270697,0.0305075284210894,-0.122670463449261,0.0771818922601003,0.0200986636653645,-0.260224620334417,-0.0590815891861157,0.0163686176332881,-0.0410297744037281,0.384389612044447,0.0180118144919438,-0.115774192987022,0.00549704098691531,0.488079716647603,-0.0187403443049916,0.175430867462169,-0.0880310556265875,-0.0189309926501734,0.0823175788355736,-0.112341288425131,-0.0721840356865561,0.506239703637473,-0.00308948493610403,0.0365291354696028,-0.0311501289974331,-0.0494222879405201,-0.0490665301283581,-0.163677959243587,0.0119343411841795,-0.288096022164727,0.00095032933085233
-0.193648345340373,0.0813508401157006,-0.00235654434820739,-0.053856045897483,0.190016314786383,0.00794175895089473,0.102206652547976,0.0981699667170421,-0.263079227335593,0.0123633834470917,-0.493198798991483,-0.169885187470362,-0.51753200686192,-0.0477973675257861,0.311372428679106,0.143134838633439,1.04463011775472,0.0533292174825417,0.130607918001475,0.0372833167879952,0.0250789917545986,0.0663686745820008,-0.335483599199039,-0.102252749542497,-0.569166361548631,-0.0316307186037471,0.350017994598686,0.141184746870078,-0.398977595398464,0.0243602043515914,-0.213120075825409,0.00112827487753146,0.567613696834025,0.0141622661045037,-0.177593276365063,-0.00894830463422341,0.23161991840688,0.122388459604363,0.0156026931514164,-0.05443592959601,0.162744821400979,-0.101958574104614,0.364552159157427,-0.00499199146995005,0.436133311075771,0.129617294727087,0.0635933745507572,-0.0154757472723825,0.368755280072522,0.000665088442195181,0.409282686414434,-0.0811845780762816,0.341584847785764,-0.0130023908012673,-0.389401895335032,0.0704399728910156,0.498696623542729,0.343106511677462,0.35043976658412,-0.187761265494305,0.131710160423225,-0.0646296254302547,0.233183317429018,-0.0595983970039762,-0.239254790494268,0.0871827076764186,0.330368906563624,-0.0381686717670996,-0.299437174876256,0.108069974322345,-0.0840276278886087,0.0965694221463221,-0.064787139769313,0.0625328684631897,0.104396433383266,0.0426220309259438,-0.301095681553935,0.16205964882103,0.0179344454265289,-0.0500616807457824,0.682210487872675,-0.0557382027669811,-0.751240289475805,0.0137740579148408,-0.3136868812162,-0.109761837440424,0.0741980458525727,-0.0352271290868412,0.35572457595601,0.186630826900926,-0.0843133365314109,-0.0425157327453459,-0.649669393830936,-0.103654055236242,0.499502920441029,0.0358350736649367,-0.231148977083571,-0.00600872958882723,0.372787880946924,0.0345750988038748,-0.0121275947737577,0.0370464648303241,-0.070127513362581,-0.0167235202936492,-0.155074822310263,-0.218718486297591,-0.0737474906420283,-0.0567310514457574,-0.271077855580643,-0.148201469084419,-0.156612523172472,0.124566607307836,0.126647587686177,0.181005171528215,-0.15145609657717,0.023315103881601,0.258011584054732,0.0531111537554865,0.628805848235959,0.0517818986965024,0.682852970351998,-0.0944463833246134,-0.91936675619627,-0.0501873635672198,-0.00737649050824857,0.0464000232789499,0.0256205037940097,-0.0709617798419217,0.257488894957362,-0.0385547681891539,-0.458200086263701,0.0457736584802058,0.0774732296001396,-0.0283430280377152,0.407807296748044,0.0538638378117449,0.0954316204456801,0.122596996785819,0.464990472697333,0.108442447324537,-0.867828175185901,-0.084125454491757,-0.303437977932462,-0.177636714978064,0.130889124861399,0.00744899112606708,0.766358340138939,0.129654861027954,0.0681367483382366,-0.126197932760969,-0.0190908450909651,0.0274041142928085,-0.283121325306594,0.175911155037371,0.346846558120078,0.0151802855275919,0.138484358806991,0.00969726638915176,-0.420898113379662,-0.0801830085446661,0.322630874609566,0.076608648507526,0.347367957749527,-0.154818784864865,0.113455426439619,0.1336057295198,0.499972483339001,-0.0204465225910664,-0.109314476186372,-0.0776575101326998,0.155577858565472,-0.11362248385127,0.169788340587394,0.0231171421610492,-0.272451261808578,-0.0687288414554411,0.297940512933687,-0.0395911369133242,0.37439403144141,0.0386757356350924,-0.182299156884452,-0.000916823799830789,0.533235288796267,0.00626376857690197,0.116248339488768,-0.0741662826595596,-0.01532012999631,0.0762982037049094,-0.137402186564458,-0.0733051528419043,0.588174888596484,0.0199643705411342,-0.0607638342701839,-0.0288240584391376,-0.0425018279181143,-0.0496174429382231,-0.163165050572605,0.00273954453061754,-0.237808852088311,-0.0106556022125527
-0.235830437450943,0.0659032113116908,-0.174368952250622,-0.0500593708315667,0.199233342033851,0.0191399768242752,0.159746889831437,0.0997285152264261,-0.321570650377471,-5.76730379666447e-05,-0.0904644900652694,-0.18805791874374,-0.493195036016931,-0.0694431739948212,0.218276758446379,0.151250859492562,1.28185691709964,0.104046566846592,0.0958661157624315,0.0430557912674675,-0.141062253000354,0.0659083820908818,-0.147914178536284,-0.110250986564427,-0.53896046519572,-0.0594502934110605,0.101738185928137,0.150780140108691,-0.523841018925471,0.00473829084459801,-0.0757693943142546,-0.00950070831404637,0.455964071859919,0.0387972819407741,-0.0137252320611624,-0.0161718167642648,0.0995173358411997,0.12622930218363,0.076889011604088,-0.0501936106698158,0.0757189877026268,-0.0896690588940559,0.513723280455406,0.0141866144219837,0.429886010237116,0.141689029137959,0.214339159866557,-0.0104669529557817,0.301820112837128,0.0157424730737178,0.509089058810836,-0.0568764473750294,0.389079747836258,0.00469971518414307,-0.361057565171339,0.0461638676496749,0.26445986500269,0.346662062366609,0.626589005176091,-0.162225061680713,0.144455601742237,-0.0513884406813918,0.233553662501227,-0.045428232795876,-0.203501646722784,0.0704298529133733,0.192596836068025,-0.0194892451569897,-0.549481918173186,0.085905424946166,-0.300820786627751,0.0903124924353087,-0.0697100860434362,0.0581507550820404,0.212025611650799,0.048224980819797,-0.535683673478347,0.139597866294409,-0.0981768062042769,-0.0448300242400393,0.566429947326709,-0.0192718583723938,-0.632745357283685,-0.0249211897411357,-0.15322269621003,-0.118133992191188,0.0942958808996827,-0.029442687536818,0.129124759644725,0.192327936473181,0.0242023250530186,-0.0438902585144969,-0.430548020822811,-0.12785826438637,0.459719571248621,0.0577523911274188,-0.309691310055512,-0.0170185508155239,0.421144211150939,0.0502137457473879,-0.15059783994105,0.0345503419111991,-0.181316442930281,-0.0178781620537392,0.0331549795594232,-0.212844408620872,-0.0718694936109281,-0.0563619183092613,-0.132076389288152,-0.151894992067376,-0.212959303980081,0.109423047948924,-0.169972755550231,0.173612985051488,-0.395870868344891,0.0148247310738146,0.192941580156603,0.0631197096498008,0.678501473648969,0.07572765381226,0.746145391510317,-0.0532360898763097,-0.878710120978349,-0.0902193496413194,0.120376550165169,0.0455157116301361,0.105592152842535,-0.0702804585504615,0.294586605861509,-0.0231465154771969,-0.530026818028334,0.0201580467490803,0.15974308338882,-0.0221754036936414,0.300215340670322,0.0729277448249147,-0.128975282675861,0.118862207508645,0.39543021836867,0.124138956823184,-0.737717448869176,-0.121711775659346,-0.172997598681801,-0.178623921098953,0.218004050891386,0.0127994802720473,0.753796760339865,0.161769462476369,0.189686847612302,-0.118028377330227,-0.201469028415448,0.0254823053965471,-0.601846172101227,0.154992382824507,0.226725781711309,0.0302278713886907,0.283788501418484,0.0165229321188584,-0.357595332710748,-0.095633737918217,0.311800800552404,0.0890860721426421,0.455035883567845,-0.127285043632715,-0.103829660219414,0.13126086166812,0.737810090693822,0.00481461439440267,-0.0192004181027581,-0.079505881169207,0.327951993325721,-0.097191616034883,0.106435447944905,0.0310301911907491,-0.156633759411034,-0.0781832982843973,0.271252535740528,-0.0222770019521028,0.640943294401529,0.0559144694431057,-0.137598783057822,-0.0109277060728435,0.453839495722163,0.0308409117120329,0.396116363194454,-0.062999825191396,-0.00675344719433465,0.0705096336345648,-0.135496365266957,-0.0761046496534514,0.516866528945643,0.0481353578822803,-0.0197239963310223,-0.0303045967772548,0.109810853433011,-0.0488439846326911,0.0112676799148755,-0.00554059610238627,-0.149875232657469,-0.0197576640426321
-0.440737712250679,0.0510440882066428,0.0885323074381188,-0.0529895490487727,0.202088465879133,0.0291302652832046,-0.035172446911026,0.102455827688485,-0.473354743151451,-0.0144886278509765,-0.134049333625949,-0.181629940924326,-0.651013444470028,-0.089236430600767,-0.0772137756854774,0.153817551466941,1.12818723394728,0.162431597980664,0.234814721662282,0.0432901087858921,-0.151783764774319,0.05860474661867,-0.0316388235469052,-0.109080242450545,-0.359832800544151,-0.08327027937649,-0.0964089162060519,0.146412054628097,-0.608775999652882,-0.0194542722779788,-0.0174093847173479,-0.0154947526463123,0.497469739120425,0.0590739751550964,-0.0473744079244681,-0.0166764080479659,-0.199771961675141,0.122768174076674,0.242149277747355,-0.0427722485861127,0.374772129255129,-0.0799566100813714,0.35883104490233,0.0365221199439855,0.31513570959866,0.15432664519767,0.15721509102449,-0.00252005455027149,0.436652851083034,0.0322775110438957,0.467526637044452,-0.0290704907616029,0.285835087380606,0.0232852334006611,-0.266381345042141,0.0246785641634387,-0.0424468873084575,0.339860113862821,0.868473108857603,-0.123624577584417,0.220917064055296,-0.0403334438538061,0.624666854086361,-0.0305371783932617,-0.38877955496744,0.0549064082005781,0.187195925165264,-0.0113806640158831,-0.59764060006454,0.0552338208509902,-0.411873383837626,0.0709391609431794,-0.00827528676540347,0.0523484117377527,0.197185956143266,0.0539256389265762,-0.633949970966781,0.103447949759636,-0.0341301804282442,-0.0492509191039617,0.443115057162823,0.0102387799404745,-0.471492988986012,-0.0547699768370549,-0.217528329406033,-0.118547190557823,0.301962620699878,-0.0227044690522756,0.0124991713201974,0.188491714319814,-0.138467759315749,-0.039530901715812,-0.448802505653357,-0.141357786503941,0.458354042635719,0.0750489273274276,-0.149554730632382,-0.0318226164507846,0.379740271678824,0.0685958033960711,-0.18386872118389,0.02594785004779,-0.118896580202825,-0.0293103485802295,0.263999267040104,-0.201232115653384,-0.0597253045590642,-0.0617994051556355,0.101255363218698,-0.149875963927222,-0.450071973227537,0.0960344302578816,-0.0695356030655574,0.153692866769638,-0.41610888038536,-0.00621296155543806,0.213486527513916,0.0679804466687863,0.806024911064912,0.103001766273854,0.804531947874784,-0.0119853229739699,-0.652987572217849,-0.126941835272419,-0.044926781252247,0.0480806452695093,0.20358418182639,-0.0603224195705685,0.36511816992302,-0.00995526250277433,-0.355807614329916,-0.00565769375790963,0.0225643652770508,-0.0110475206565756,0.157460420970756,0.0835248656936448,-0.172127285290593,0.108393028007894,0.414258930914,0.13792269465157,-0.736499598993242,-0.151832314868156,0.0407621320723547,-0.175953261087477,0.266495386425454,0.0233473332739876,0.706861130441523,0.185746479404261,0.097216979749312,-0.103033929985744,-0.0990698067506987,0.0168529134850099,-0.508195587124279,0.117547591085096,0.192735049285183,0.0413273643166558,0.174493737209021,0.030558546306601,-0.300703526884925,-0.107352651066505,0.0785066334150235,0.0986708481214076,0.565367839127716,-0.0985965690648185,-0.18127883583633,0.121550765510446,0.773966208563488,0.0389874513383891,0.0116396102820216,-0.0766140899426146,0.362227047182696,-0.0761319855821736,0.0180151634414079,0.0324759805409351,-0.196232016716862,-0.0798130964103617,0.110475739791388,-0.00917716506938632,0.615778816344066,0.0847151979331965,-0.231523527865268,-0.0181595039311938,0.317000418903949,0.0523394211483847,0.302098325428972,-0.0384802750075018,-0.0938871185806795,0.0679169681009566,0.0210381209691019,-0.0793926230768669,0.450498346742778,0.069673785489215,0.071095475693034,-0.0261347201168706,0.0957690830670373,-0.0372376959984194,-0.0219032352898787,-0.00425248479598339,-0.246119364930945,-0.0255126648820393
-0.531781453041231,0.0281479794660996,0.195891086828991,-0.0410823292096603,0.30021673788449,0.0368163120144415,-0.243167240187019,0.0969700632875959,-0.323223086673296,-0.0362000026080931,0.207324199582946,-0.176722299989409,-0.520311428351116,-0.116812910128049,-0.0339199266714899,0.140155473912097,1.04705475522413,0.207326638630718,0.194309620858522,0.0533913175958213,-0.382282603598658,0.0440246888646302,0.0150008904093642,-0.103277414674102,-0.188351680361089,-0.0953754086849014,-0.0828090218043606,0.135354034818961,-0.499446096603706,-0.0480271938972851,-0.0668002198214119,-0.0160055315316693,0.493379871594623,0.079988822008842,-0.186204886094927,-0.019930452182855,-0.300090190284601,0.105054630347535,0.351571165540317,-0.0295082218633254,0.470723703062448,-0.0590581487765449,0.456176034005978,0.05144079771073,0.158730866848696,0.160285852834301,-0.048609488970139,0.00575529552671961,0.460719224102186,0.0520938500173928,0.318248429260352,-0.00244068747490618,0.139383398457137,0.0330252029509127,-0.273741924348846,0.0111117531888295,-0.450568998547205,0.317793145947512,1.0569672779539,-0.073980593479944,0.0444131330659194,-0.0275340463505462,0.697272374769145,0.00224159548171772,-0.496757827670572,0.0319026668630957,0.27140935873673,-0.00270564314267843,-0.744923524143042,0.0239256743282246,-0.468954090601575,0.0482830464472954,0.0648304521593279,0.0510950914634973,0.231207748299799,0.0617927313075547,-0.696853770845193,0.066500713859789,0.0213677783034448,-0.0454850010284815,0.598148625482892,0.031481111045079,-0.548870064212052,-0.0772300264678056,-0.390528358112332,-0.122689008383051,0.383632953385317,-0.00791124450113154,-0.205893848576636,0.178955712466056,-0.0957289508003103,-0.0463034813843112,-0.328526348130693,-0.154635966840203,0.412001278064481,0.0951652690817801,-0.0564938283863474,-0.0411388413811469,0.302536597106518,0.0826859433676296,-0.304416642639536,0.0151973441626508,-0.0298017234808805,-0.0325156317176805,0.255601382091597,-0.17626557728611,-0.170525716645664,-0.0594448371271442,0.410652936125705,-0.134321456581059,-0.4472398330101,0.0661351656864427,-0.0801576678968473,0.139175221158976,-0.388570927957831,-0.0277625940637336,0.190383360488791,0.0745961198214211,0.588732075084445,0.136816371999147,0.6650461635361,0.0260004519446928,-0.678282739926776,-0.149056444399526,-0.119718694051989,0.043792964336703,0.286049473404123,-0.0465069222833358,0.24745732011621,0.0098090361617524,-0.582241494014217,-0.0212996032422155,-0.104073692355239,-0.0081748125278832,-0.140612826523745,0.0865521743764786,-0.220618049826834,0.0927636275600821,0.216953261622557,0.150158182129783,-0.554705878439435,-0.178607871376155,0.109482713710047,-0.167043848612319,0.230954147051106,0.0362901803233478,0.68234876854353,0.210579710899149,0.323894438119896,-0.0921803634646231,-0.146127757111331,0.0107334149639553,-0.612223647161972,0.0845119867647204,0.258797315459871,0.0494561180379668,0.127741652326564,0.0369212551982113,-0.428192284633428,-0.115647920976159,0.00235059601932196,0.096948736796452,0.832456244886218,-0.0663120631029207,-0.0786091171386375,0.105279158518148,0.559190563102803,0.0753401700567838,0.24627958346462,-0.0694977502259016,0.635386409533976,-0.0543097074249692,0.0949617591247708,0.0360433023616216,-0.248648946541582,-0.0863989104082643,0.194499598593475,-0.000968757765278466,0.632685786344981,0.108864857170265,-0.273714836642141,-0.0263795328802247,0.430773556881533,0.0672280743659445,0.250954508762992,-0.0207087501700763,-0.27931918377494,0.0597675584337005,0.0840175833862454,-0.0758903369373036,0.338750251635652,0.0854930386709946,0.152570770769917,-0.0219337742622304,0.168562752166415,-0.0284299676805168,0.0145958743269991,-0.00137799274586037,-0.171942242270814,-0.0372693927658064
-0.531535625039957,0.000148383441767465,0.198932157143418,-0.0268633089589025,0.353908017081095,0.0483896725498684,-0.52061558837568,0.0800797722089014,-0.16820494754568,-0.0505948327222742,0.357334648460483,-0.158352199948397,-0.48464995278252,-0.135633889479331,-0.204426352211218,0.13361083204733,0.604600410139031,0.245279404076885,0.189664443724132,0.060508909495096,-0.204840474471117,0.0225170188812045,0.140855268920999,-0.0966025905430073,-0.0933963754955437,-0.0994597792815537,-0.27500488375732,0.125489576595878,-0.552843013135817,-0.0664776435775555,-0.14193316626319,-0.0173809109892914,0.24207738409468,0.0977977886730335,-0.138683175367675,-0.0274046385404502,-0.321765738139121,0.083798243673064,0.525265171729159,-0.00993210342201209,0.548111296695296,-0.0350863408017583,0.293371681352198,0.0707921818252713,-0.0927175434077523,0.157111942563634,-0.0793365370996395,0.00154490085700747,0.593742510242344,0.0735717164644326,0.498738897861773,0.0127115602680731,0.147818128624229,0.0408477380350691,-0.461090245295215,-0.00201458882948086,-0.809129479132662,0.27403842740714,1.18859495828387,-0.0200090087917308,0.152773766664614,-0.02430223110727,0.747964117777486,0.0351508233214216,-0.532186474845424,0.00732020500584613,0.296490853354225,0.00977951853271877,-0.798082714998814,-0.0124846081946677,-0.406557449526961,0.0230497545695702,0.0740777695965343,0.0513519525936509,0.163100690767924,0.0697855330705225,-0.709331067486127,0.0277057502468877,0.0233414049828637,-0.0413791278312387,0.517861643250115,0.0612636368711605,-0.564292102869877,-0.0994334537020357,-0.30126658251062,-0.133121789190756,0.27347347993454,0.00924824646892808,-0.422326382861662,0.161764219870426,0.0474748863593656,-0.0482670182941998,-0.114581853682722,-0.157239020338314,0.239950295279903,0.108100746943365,-0.203730953892462,-0.0436093128642578,0.2316397772542,0.0924397069553815,-0.344040819257015,0.00211603685844109,0.0528616190599327,-0.0346046143047383,0.434640992210733,-0.151767442047675,0.103090049916047,-0.0623819019427452,0.418035577291608,-0.10926574331118,-0.551789066095188,0.0424738405951643,-0.350677483658256,0.130060690984744,-0.395216471769109,-0.0441551929062799,0.155291353933521,0.0814736829718047,0.485001355558924,0.159960400535872,0.704930551330428,0.0561906711334451,-0.540629897124986,-0.173425985961858,-0.231639498972035,0.0358318256882235,0.342150009766976,-0.0292590810779527,0.346570707024727,0.0220500136432281,-0.543167425507051,-0.0500957364594086,-0.092402064768755,-0.0121903412068357,-0.136010184840339,0.0731367437730956,-0.251706337799731,0.0764354258154267,0.19853499857918,0.151119035199581,-0.302927838206787,-0.19456174953056,0.212487352050766,-0.150146084411018,0.178056671212562,0.0486335076680182,0.366194782899872,0.232800622734934,0.407903600225013,-0.0702209115215426,0.0291184580239256,0.00630650753210835,-0.728476939621231,0.052330586222979,0.175088861082954,0.0580786783591844,0.268077473903119,0.0426221990166542,-0.397804351842424,-0.129443821376777,0.021430119714658,0.0921269821610317,0.916799965571791,-0.0220226025492087,-0.0999274970289768,0.096147641144699,0.660984712649307,0.0962769044006925,0.147079515907724,-0.0530852732412596,0.599620792920901,-0.0208582925544634,-0.114737112601816,0.0407421951472458,-0.231172030233057,-0.0941593175437296,0.251238839063898,0.00843297734286933,0.741135913063656,0.132450354092726,-0.305674264862447,-0.037456268419662,0.20050153335683,0.0835253241502003,0.03723874151721,-0.00794389409431413,-0.207392553749124,0.0393607162552775,0.176743978512103,-0.0693738585661354,0.210253974653122,0.095807175236696,0.123286047658759,-0.0131557328528628,0.130449892236032,-0.0200769310894278,-0.0988040178954757,-0.00217474879445942,-0.138899083717531,-0.0415927614946105
-0.298050845037063,-0.0236283892661348,0.170530477799298,-0.0147011163539203,0.294395388654797,0.0650250729609372,-0.428385716058181,0.0500452537280858,-0.0910066562199711,-0.0542993905830358,0.459601371885907,-0.130192207981676,-0.238043656034813,-0.152990704173592,-0.440069885532366,0.113802628350961,0.585808001963812,0.260326941774572,0.0441610184574116,0.0644116633170546,-0.235022028773856,0.00986858315677745,0.268382786000346,-0.0859026463148685,-0.120219566256914,-0.0977097352833661,-0.129109807523879,0.106535718168843,-0.412986594133694,-0.0895294774215966,-0.020593697303363,-0.0235432858827169,0.312804494140921,0.102365232264895,-0.0724869468534548,-0.0343612322184978,-0.310763170185936,0.063660213334233,0.34502966957482,0.0169798043663632,0.568999614627419,-0.00988290025860148,0.307609115031445,0.0798822864693457,-0.318664988858214,0.14540777113979,0.00969895895724636,-0.002528478495224,0.503070622884808,0.0989167903368406,0.31834033321512,0.0376000206211158,0.10499841163405,0.046919730826259,-0.28975341755098,-0.0234582056691015,-1.0924850638318,0.217700643237496,1.20770762258502,0.0383563248307436,0.274991661287786,-0.0140606875895721,0.674401386966456,0.0701229482559668,-0.571466824202432,-0.0184752151283933,0.339315115191871,0.0221119871602394,-0.791792242550158,-0.0487606012024941,-0.453264014381021,0.00208149096468346,0.132491433776299,0.0489354363571432,0.108552155189107,0.0741940719777498,-0.737400451566533,-0.00642080924722378,0.0733296770474031,-0.0388418227234948,0.531913897617595,0.0822550653825851,-0.327296065717705,-0.122846811842759,-0.100272528085187,-0.138941696733618,0.35650705199512,0.0223741441644495,-0.452702835185591,0.130943077745659,-0.0355634955837689,-0.0420636005606082,0.153338302413397,-0.15534882726619,0.029047596825657,0.113709856980213,-0.00542551937756108,-0.0509684716049738,0.231799870599188,0.0998113823726756,-0.2396532935051,-0.0152923072379867,0.0630592892064686,-0.029621135216732,0.740534438935059,-0.124545843059795,-0.0206423204992091,-0.0527929090338866,0.491451529774009,-0.0812985624479037,-0.634573927512688,0.0126084191464459,-0.427734492569676,0.105684917483825,-0.262591395479619,-0.0631162461309809,0.0598238780365995,0.084089863512959,0.381835309301919,0.174015791601646,0.739984708955274,0.0847843289147481,-0.637506224109772,-0.192538891915419,-0.146147656056124,0.0208857535417587,0.640486305824715,-0.0129592668308418,0.385427605950375,0.0385522426169879,-0.450040934398147,-0.0737307400138367,-0.0230406611878054,-0.0128264673699504,-0.177043191620545,0.0612813596628299,-0.3114881544681,0.0591017283073963,0.118556257296194,0.150874402632782,-0.129617943261796,-0.195678846941825,0.439690268798252,-0.129787299773836,0.119409602276295,0.0516479741230863,0.159749584549594,0.236231936976783,0.399449015856541,-0.046866236433166,0.0748479712415116,0.00441238573378428,-0.768237026528023,0.0130111012364076,0.127281429852972,0.0612605778097692,0.305224493457176,0.0549084161996011,-0.307336159665174,-0.143609336476298,-0.216286494988757,0.0876851480261392,0.9791939346354,0.0288805643304869,-0.145247785714839,0.0861963702193985,0.63695545812172,0.121147066488863,-0.209904420769268,-0.0411552924458012,0.46137286814028,0.0110549882802151,-0.0695243985345639,0.0301760222828915,-0.317504251686713,-0.0989893865896512,0.177432332729024,0.0199026034694102,0.43373269901362,0.160691130088264,-0.30074258200992,-0.0510185406570715,0.167511573484334,0.0864156585609129,0.0961005497413052,-0.00514147919783341,-0.0484048572690338,0.0293621613506066,0.2301916234117,-0.056575172333572,0.15612847697395,0.0999192915061975,0.0853325059768,-0.00657754196762377,0.146711608373106,-0.0119856102880465,-0.196026844109034,-0.00761302668194309,-0.304396861715758,-0.0460828067828398
-0.319346677394131,-0.0382997656582939,-0.122167824887346,-0.00303267307942458,0.0643671474461858,0.0782990422360446,-0.572689204244618,0.0268096683529172,-0.058956179445433,-0.0541053961430406,0.522088086857232,-0.101966798215541,-0.30041228876426,-0.153196277068935,-0.506355458164104,0.0842251471516891,0.4069666941583,0.27309857889336,-0.00896223090199694,0.0637481544966372,-0.245286814136933,-0.0023679379450909,0.231324594386327,-0.0694840421239442,0.0525394724729031,-0.097483698369203,-0.220842848125628,0.0960666449186972,-0.300876574408921,-0.107165190100617,0.0251520343092996,-0.0240356932095267,0.335206483862916,0.110811136360297,-0.0157546257402862,-0.0353344685316744,-0.18382204957586,0.0435491129478173,0.277936865772482,0.0308670255089826,0.572929297271343,0.0165786275746593,0.294353263057002,0.0901787568607584,-0.4997524719367,0.121092523862485,-0.160178203399967,-0.00217720879077989,0.533854422119068,0.117964195625189,0.245142549324938,0.0504059785379301,0.106335076649853,0.0491476547942348,-0.307230921383986,-0.0369681884638466,-1.24428584656656,0.151256926577705,1.06847117485434,0.0923487650431018,0.121388344550944,-0.00115334322042769,0.673348419228966,0.0948158913939819,-0.658403351093985,-0.0432952819799578,0.367472261377326,0.034754712299247,-0.858504190175957,-0.0822611623814847,-0.414617062980641,-0.0206107399307543,0.0429814808298212,0.0533193168031185,0.0892145510198254,0.0768354213011201,-0.927502157607861,-0.0407764374694874,0.161364869234926,-0.0344959593579376,0.439022806578631,0.103102940860198,-0.327525594054463,-0.132032347560571,0.0526305012964436,-0.134035436112114,0.364453593179988,0.041687475478253,-0.548943738542576,0.102629020299254,-0.0411103375992731,-0.0421667991147197,0.40141649255414,-0.137918498362338,0.100116344852444,0.108736487455827,-0.0679576100190447,-0.0493981281913915,0.206078076839233,0.107248237947479,-0.330076301606407,-0.0250982994673785,0.240879246188845,-0.0222322308910406,0.768548538335895,-0.0833178190864876,-0.177008587657401,-0.0520828853417001,0.562633203856789,-0.0524745910838469,-0.698822689915788,-0.0197636782799397,-0.478094997850391,0.0778275010807885,-0.336900170111157,-0.0719917651657958,-0.114205555250579,0.0806643036449978,0.104561204105091,0.183169936913851,0.72797296747213,0.113992990204894,-0.424611352283138,-0.210200233708159,-0.12602069793589,0.0116077085554651,0.620757157604625,0.0190364466625601,0.278624896805048,0.0539968214129454,-0.207937050906083,-0.0911399099938229,-0.0362707735790739,-0.0119132739695839,-0.382473605895437,0.0479952908651238,-0.285013518897699,0.0417648898942411,0.0513728327666245,0.152462726111773,0.217491777612565,-0.18900703136831,0.58231260991831,-0.103451019541286,-0.124465978211431,0.0541178053539794,-0.0596492797162543,0.229365656521328,0.342470781930338,-0.0231019204353133,0.126326769478017,0.00692483698133798,-0.758734914655323,-0.0238510701966851,0.192355316449189,0.0618051657042729,0.286226421140272,0.0683596255396168,-0.171755978627879,-0.148887106281372,-0.283750868135031,0.0703886695756287,1.17134319372501,0.0757797473018906,-0.0684606813319313,0.0764201923438904,0.482430712608815,0.1428701014933,-0.122240871120044,-0.0498025285211456,0.546424830248698,0.0332843138228593,-0.0473584572268594,0.0255580475669022,-0.313638351191718,-0.108085786729048,0.237424246143233,0.0285666153415389,0.325470293637263,0.171347828914393,-0.27103040267731,-0.0634287101739889,-0.0809328711408973,0.090061216106947,0.0174174702370281,0.00352980741780292,-0.132396835905335,0.0231306186090953,0.245248088659039,-0.0416928738278634,0.0537314645107077,0.100094382129301,0.12023637464357,-0.00266799119664634,0.33950993074324,-0.00352255795365024,-0.152998623300316,-0.0183388174324398,-0.198632100410381,-0.0576173467025076
-0.341993811003734,-0.0521280666214899,-0.0668879007157577,-0.00783277352145628,-0.00131680558752536,0.0763516035811822,-0.55143775349546,-0.0011706218534023,0.0754424230232434,-0.0501238324900867,0.626839188120173,-0.0699665743455001,-0.0271250359794588,-0.158601559107961,-0.554956380202625,0.0552171441384476,0.377217311070164,0.278353210531906,-0.0255039884334293,0.0599782208789889,-0.140896644326618,-0.0125989636219625,0.190032042157248,-0.0527816356978415,0.147607249235651,-0.0871292665066505,-0.282519180595301,0.0799336699318104,-0.322811437551551,-0.114446930706547,0.030706334997828,-0.0240676599961593,0.218597430350858,0.121573700305089,0.249246486679282,-0.0352476587578101,0.0128724020317306,0.0330380975532655,0.269494154309423,0.0400936086634916,0.425540028391636,0.0434836218251571,0.0988406430069101,0.0996583773150776,-0.675640709404787,0.090941007622293,-0.0221920146703317,-0.0110290934678361,0.388417533167418,0.136729607251249,0.175385614747823,0.0614270267965662,0.149126046072109,0.0503022038799352,-0.440008113254556,-0.0492230543274731,-1.26486773331374,0.0812849115718032,0.8976284262307,0.138930360385804,0.0701115902922568,0.00155635420830518,0.688606805642574,0.122330639965625,-0.630308757886742,-0.0739244107140859,0.424531339975942,0.052121664470683,-0.764756025491415,-0.118114923763515,-0.494313898234832,-0.0385679271044587,-0.0622952002173344,0.0535537700917549,-0.184274017461835,0.076914316534857,-0.947001524152354,-0.0820362994221707,0.141064633994876,-0.0219240340511123,0.190571112816589,0.118226395931607,-0.238127802038201,-0.138470544307371,0.137035883115522,-0.122547829345834,0.392406977914088,0.0575622940319497,-0.512364247572046,0.0703150173255637,-0.0437119765908415,-0.0396313956953399,0.401594464491744,-0.109622010499921,0.090591281727481,0.105422375032143,-0.171776742834586,-0.0504056661822498,0.355540980881649,0.113088731919007,-0.448959221490773,-0.0421238107426742,0.146408621103186,-0.0121407557556403,0.809927718300335,-0.040214781832335,-0.148631769501751,-0.0600739587190131,0.654785265821197,-0.0230079120501435,-0.789937068423825,-0.0546119331579414,-0.682787361564552,0.0510760930326704,-0.344510715081891,-0.0853989652759165,-0.00943826437795648,0.0690506565540595,0.190359822305251,0.178900478169138,0.631252339677138,0.143685746288193,-0.230386612876059,-0.221154077209548,0.00865077456653085,0.00563913005907982,0.474950160411045,0.0463113532250092,0.278544922263831,0.0618107136115006,-0.158116393462476,-0.0952554231732197,0.143173153843396,-0.0116689327765549,-0.337504359497747,0.0248883419685588,-0.302089040600371,0.0248609180299395,-0.000956132597789015,0.147066292733024,0.262952333900586,-0.165993320957242,0.588087965615023,-0.0698755027243334,-0.205531091435899,0.0457955579224775,-0.254733009770635,0.213743362727892,0.34074263837506,-0.00406651936155184,0.248328851904801,0.0137654578893266,-0.737378562959729,-0.0596697625741384,0.118961540913748,0.0673913231543147,0.227990741126684,0.0793743771022431,-0.103222140949871,-0.148186612388285,-0.33943145030001,0.0531392591764777,0.951018465695775,0.128700575172125,-0.202832816279208,0.0673802960458898,0.538826942979092,0.158529751604885,-0.0794530602183723,-0.0548702637196548,0.679571055242864,0.0565288162929277,-0.127724984761219,0.0201556221605515,-0.0850712878846155,-0.115000612581149,0.257810233693977,0.0389513194743662,0.178309918312441,0.176164066141416,-0.0196611242273029,-0.0738527063013759,-0.109586937615059,0.0797932491738153,0.10389326926711,0.00274004105441741,0.0454148747453295,0.0154411596201711,0.28660619854754,-0.02713509102094,-0.100916240668518,0.0970553306481504,0.245190943718103,0.00543909415957253,0.403024168419246,0.0124111295778365,-0.179571592730074,-0.0260277946823127,-0.0718133943227444,-0.0640442272411686
-0.219167399078412,-0.0652085700174617,-0.248677800370729,-0.0102785641199158,-0.146515544917574,0.0750039171853252,-0.706532154519931,-0.025519006039793,0.136096814523444,-0.0434418529655428,0.753127217331933,-0.03655978494134,0.264028466009757,-0.152661946706535,-0.545439668659604,0.0242924378600502,0.229016444073955,0.280827274299055,-0.156577405171831,0.0551513223319257,0.0469850818789385,-0.0176249465321467,0.023782127291699,-0.0404428820303361,0.11099661129969,-0.0763485894567125,-0.442795415698178,0.0608478541586494,-0.350408599290371,-0.121661489472858,-0.0116162348441421,-0.0241489945075572,0.209140956136947,0.127017288491496,0.0911074695677686,-0.0190721954817351,-0.19669591155434,0.0309574646794177,0.0489602649575738,0.0519923635293546,0.440575423689512,0.0626201219844153,0.00811338731125982,0.0960229540206539,-0.684899446780308,0.0516795910035447,0.0219743638675681,-0.0119843655341654,0.308240893930523,0.149188100368361,0.167678740304089,0.0682333028459655,0.18204235944029,0.0536936448040883,-0.26842612379904,-0.0658322516640308,-1.2616393360526,0.013628173329415,0.846567647837906,0.173786595349748,-0.024072442876716,0.00542072460029244,0.59535010066816,0.150438158908456,-0.637531586047414,-0.100492359671527,0.316087769717582,0.0692461661378935,-0.665536475151697,-0.146191582252512,-0.543077696240486,-0.0598045361811045,-0.0733990477183935,0.0494448184813871,-0.316014343661868,0.0641744186622199,-0.94832246491447,-0.121753258467205,0.243874118811209,-0.0142534739999596,-0.0252331847523184,0.119123626944127,-0.282193796885351,-0.140555170862044,0.40576632535518,-0.108350141098646,0.418658723530234,0.0762797498157307,-0.554981554881132,0.0437636119774493,-0.172132624472765,-0.0393092627771252,0.435472878138962,-0.0865255528787646,-0.106254994329715,0.103965105246237,-0.137618253517629,-0.0541775265700244,0.113489668457499,0.122713507933202,-0.526820712558816,-0.0612539329480554,0.475020456195763,-0.00038573876656295,0.946970940061248,0.000964929646451461,0.00512334624766402,-0.064102612871309,0.669560921611741,0.0119453581225339,-0.792864622537579,-0.0879434531429877,-0.618138704987599,0.0152868129649538,-0.205822742817725,-0.0975093097056015,-0.0461013236788558,0.0663681579682172,0.0240725880639113,0.176588398228962,0.386225759158442,0.166886448395801,-0.00288193423786802,-0.219805407546063,-0.0697979779727796,0.00484445072562352,0.451084872413316,0.0644167403463961,0.067284530836434,0.0716345629543217,-0.0219726196916601,-0.0972058996521852,0.0929685200075346,-0.0064473893258818,-0.277279156592508,0.00640399818997557,-0.289444080119583,0.00818170736941933,-0.0724465147566501,0.138191589463441,0.498318496394115,-0.142979375757761,0.553795791805908,-0.0351966850011368,-0.244691183391523,0.033761975722534,-0.292078668083394,0.18969874104309,0.374042117504914,0.0127047639348496,0.16782266925123,0.0241241180863879,-0.62446208807953,-0.0913211801378859,0.166477194882262,0.0688976215222884,0.246159249956947,0.0834807059231429,0.0658749420481567,-0.142750059338029,-0.249126515620245,0.0312128368328075,0.831710634277837,0.166906284122027,-0.392577354765812,0.0527938252395114,0.216549023712711,0.174270929759421,0.0597063669818048,-0.0545157811787079,0.422108893392176,0.0885212463518201,-0.120068959155127,0.0100769477985811,0.248059437491377,-0.112711042982007,0.072778906876483,0.0502057026666698,0.17251287236157,0.172442042067409,-0.00542998516247201,-0.0704733207142666,-0.32304199851828,0.0705612317983229,0.0668022820351822,0.00860304000712083,-0.113693436875565,0.0185514926455855,0.241942336922621,-0.0120940373243333,-0.263184616266116,0.0882417526737374,0.225684531237284,0.0161443466129948,0.591461648632136,0.035163672168743,-0.107377400967982,-0.0345583053667331,-0.118366616022129,-0.0636328141242017
-0.149783550167665,-0.0705886369458815,-0.407964651466941,-0.0212912046164444,-0.190552645597245,0.0648073493733053,-0.6374922485913,-0.0607471118038576,0.166651562217735,-0.0344117515898313,0.691597459038741,0.00184096060405926,0.287780742368292,-0.13526625939859,-0.449193206114317,-0.00245546691749343,0.172059466203234,0.27910819807463,-0.218967039198255,0.0456200733855627,0.0163178452307444,-0.0154435431743101,0.0637905128264661,-0.0375454711724781,0.228643749115962,-0.0685781479509813,-0.561979934199463,0.0385364740925458,-0.14889044164139,-0.130913588352703,0.0610442001272726,-0.022212145616555,0.149551866448288,0.129820243372807,0.122541821356723,-0.014896976706812,-0.281363729619226,0.0171026580884047,-0.13743721231448,0.0504132418857417,0.297078659750337,0.0788967771205839,-0.344806144681499,0.0911265541978159,-0.896488097862061,0.0163883618892921,-0.0144862381022514,-0.0129045171989163,0.15477694095906,0.154022837405077,0.212836379253843,0.0755686020639885,0.221214485991471,0.060098285727811,-0.285516469335124,-0.0735645760540078,-1.16039783463216,-0.0484876709005787,0.816884794465453,0.205539675798177,-0.033630469843554,0.000819600083194173,0.594848437260625,0.169684124537743,-0.73709651521891,-0.12661386605442,0.357542373342927,0.0799475971132065,-0.453574373429707,-0.17070348401744,-0.563829811187547,-0.0838486804962149,0.0264221585493694,0.0430063988405261,-0.306226576039058,0.046173607677061,-0.903639824879195,-0.159262041726902,0.19468506187987,-0.00378935434118838,-0.232668299890017,0.110737207980767,-0.202850608767495,-0.147373999300923,0.587610655882237,-0.0841858053519534,0.323128606219471,0.0906186099924784,-0.555348216251008,0.0121357513085181,-0.0637858888492916,-0.0443336717989731,0.606466410154744,-0.0631449284958882,-0.236210453247729,0.0936817911482476,-0.0211673969689371,-0.0568992210707617,0.0717795410265498,0.121117480828358,-0.517780717461569,-0.0839495456833068,0.478201381241455,0.0244593057925176,0.901182961693403,0.0449237424985553,-0.0882170488913274,-0.0606235904226811,0.653982179479036,0.0435346091600479,-0.760309240850106,-0.122422746813657,-0.602133660439027,-0.0155608316067912,-0.321363004943117,-0.103336353826035,-0.223314387091845,0.0573558211104051,-0.242676025383441,0.16661180891758,0.381073104100097,0.175922726012222,0.26112111653135,-0.207916415154743,-0.0127810501511885,0.00208273145141771,0.308953795654986,0.0816321313644123,-0.146355922393793,0.070356435019534,0.150355455287218,-0.0915663690307477,0.155429170638943,0.000635401061280062,-0.0493582635172071,-0.00765099589586228,-0.431436193839821,-0.00636864411446025,-0.141313921569252,0.127360187358591,0.700802024284346,-0.108063887048176,0.532107633342402,-0.0070279512645581,-0.391137742661024,0.0185360173143762,-0.513245032757692,0.167769763587148,0.237889926103367,0.0290886315480571,0.194379961389204,0.0314843328166935,-0.536237435438166,-0.117345165806783,0.0809265686538183,0.0752773562838136,0.119891793969358,0.0898735579462605,0.127540301837717,-0.132429974300517,-0.360111039617606,0.0158436857465483,0.79879468212841,0.196122124125977,-0.439025015969075,0.0323294965705926,0.158869656529482,0.175143634214044,0.114214294787246,-0.0508841126746472,0.316467340857432,0.103716358539607,0.0843231485599485,0.00168492262767374,0.209655579136266,-0.0946062876118385,-0.0749781890505483,0.0516933337229959,0.0770367754246447,0.173503356343366,0.232873197347882,-0.0704488811263977,-0.390177082639504,0.051393662911078,0.00702274552075156,0.0118382290568765,-0.260242676211894,0.0113844001174896,0.118171065309421,0.00228096846581979,-0.386471580873242,0.0713993726595164,0.238562126146829,0.0236718810641569,0.764308242585619,0.061063771286763,-0.2139433017831,-0.0400033258449334,-0.113581938348577,-0.0659120065342451
-0.184129171197846,-0.0744061066019576,-0.567032638630692,-0.0416204977325893,-0.134713421996442,0.0560568588420826,-0.511853443839695,-0.089260057716706,-0.0256101267855693,-0.0240150098428267,0.632135287028507,0.0345012508693921,0.413484527357655,-0.111044504499803,-0.516394514872909,-0.0212867036070113,-0.0796488781221308,0.271797704332441,-0.212726359887885,0.0325132375197715,-0.0353591106019666,-0.0126735053031166,0.169945783488868,-0.0318574345323355,0.196258073787681,-0.0565415138363673,-0.492373850150587,0.00973292156337151,-0.00725669424244321,-0.12910417715351,-0.118002750007317,-0.0176922258895752,0.0162839630402668,0.128635696584287,0.0460502419476992,-0.0087338437040795,-0.199972708666083,0.0046397776114993,-0.217398098145624,0.0426310485711968,0.128710986618338,0.0876519027413707,-0.504499834605458,0.0712545888709137,-0.908910936036642,-0.0304399967109176,-0.0435613998328705,-0.0153493207510661,-0.0686440890973978,0.15127891939073,0.261768063326618,0.0809540703540586,0.155550323957376,0.0687973811437979,-0.20865306407882,-0.0843273872011311,-0.95281160138147,-0.103611380632518,0.759700523238657,0.232228074173798,-0.0101349620994101,0.00283997476305182,0.604165739818852,0.186962420946836,-0.559559381906963,-0.156129893676489,0.29425287778878,0.0928443584371643,-0.23214150927236,-0.182195624334362,-0.504565187910734,-0.103534766970029,0.034627668910954,0.0411609446056494,-0.301735270114112,0.0276202481825674,-0.924997839528195,-0.18834428582944,0.026668314011892,0.00773845112406267,-0.349866180575511,0.0897613685916922,-0.195388138341395,-0.149166784312861,0.80343860127493,-0.0503413397905988,0.153841261644066,0.10145889520824,-0.546695038638022,-0.0184369827063776,-0.0142018387049745,-0.0436063951150387,0.715040200077356,-0.0292403808476698,-0.144696975050296,0.0797672488903278,-0.065332418426201,-0.0553776244846683,-0.0974641924418222,0.116087091334427,-0.436445641214577,-0.103144668274941,0.365986543479728,0.0460872394028389,0.745063321833824,0.0861967425390789,-0.189869689322954,-0.0620360111338644,0.843929452161309,0.0736755701634236,-0.546913840921263,-0.150283565808914,-0.567231127983939,-0.0394901291947749,-0.197807608620587,-0.114223443359763,-0.469035568332934,0.0423388383716139,-0.394380854422355,0.149352719078674,0.246811885793618,0.185020354009307,0.589150509044108,-0.183180089850572,-0.11093105058785,0.002034217350394,0.364169575570911,0.0921672569484256,-0.120620140814894,0.0584522973175812,0.109517134839106,-0.0774663679018913,0.2718995045627,0.00680335582769462,-0.00152969216676767,-0.00894494122453852,-0.489787017789941,-0.0250641107349092,-0.297877881388156,0.111343369719397,0.916032704727517,-0.0665177689144169,0.560995864941967,0.0199105406757992,-0.341024532067527,-0.000531841455164466,-0.667834498134091,0.133887663518197,0.259919089204115,0.041266560667079,0.225921932651757,0.0400593977809462,-0.550009143958155,-0.136062042002812,-0.0158536264920245,0.0709499875153252,-0.203039459907924,0.0912637508990863,0.194539593483385,-0.12114681350102,-0.272764818590122,-0.00121863892300476,0.678625149922285,0.223762151071724,-0.472944577849162,0.0111118617530225,-0.0437597906766729,0.171904648100325,0.241862256433128,-0.0428913249037002,0.00578562852120979,0.115522647201148,0.227052063079914,0.00721037348645996,0.277403302097752,-0.0768975304904921,-0.0951193160400835,0.0465056313004737,-0.0498407667176872,0.166127697555408,0.17858326853629,-0.05597051706554,-0.457268527994136,0.0290654398521502,0.0331478575047943,0.0121250961234122,-0.344591632546492,-0.00212888458769843,0.00325649902309138,0.0103794198899778,-0.416792336912368,0.0483351434575062,0.250892144835999,0.033322602389407,0.51009023656715,0.0954542744651764,-0.283200837230471,-0.0459638490435414,-0.0953510459350593,-0.0665762293809791
-0.200235242200995,-0.0802003227335135,-0.59441127337418,-0.0646164593856322,-0.27737021101179,0.0451417617441815,-0.602195338632634,-0.108580572389196,-0.0332446947998539,-0.0252538299942344,0.571871342695633,0.0632626939540624,0.513722050588311,-0.0862268956329415,-0.627815765370949,-0.0458946788790244,-0.372744442724441,0.252396923285995,-0.202323643878855,0.0193920122131873,-0.0683188715772361,-0.0121796472631134,0.101349320832426,-0.0218378720573295,0.141460497312245,-0.0468732319763734,-0.446256898872205,-0.0159157111322538,0.236804967632448,-0.121646218684944,-0.0377750515795289,-0.0223959178728387,0.0754650238162037,0.122071119623506,0.160915074036388,-0.00734403455535791,-0.0679925400384298,-0.00436872296391112,-0.214537616012216,0.0276213695707468,0.00414569785890379,0.0887339503337733,-0.607542274015418,0.0452370679701619,-0.90193815323789,-0.075751927477615,-0.0853866368018371,-0.0163831637135276,-0.0148839097295443,0.138262853990324,0.446643620892595,0.0888492740130751,0.183895138586003,0.071610150452709,-0.0449173840401043,-0.0917053600542306,-0.577862591661997,-0.144807349287109,0.844411453308847,0.255702178727877,-0.147650736965633,0.0015333975841753,0.620656461465335,0.205714363620554,-0.536330881790569,-0.177465036601409,0.102173186835888,0.102375400851273,-0.291270478412198,-0.184063748452495,-0.599688097526585,-0.12373153977482,-0.0319249736183172,0.0438123437576756,-0.208958241615011,0.0109550241501072,-0.756148975827212,-0.220786522914478,-0.135790683077416,0.0110348959111473,-0.491795440863748,0.0661990029359251,-0.0187783561207715,-0.151206575309,0.879376778045395,-0.00883487054905471,0.00502749470567176,0.101165049007214,-0.494375231216079,-0.0424337228005337,0.211889839595619,-0.0416498045846297,0.884245667884756,0.00522404595527456,-0.23415026014392,0.0695395948239372,-0.0929214670403453,-0.0531828622730656,-0.0520930996725299,0.10512564441595,-0.339747950583266,-0.116539323865191,0.256610453968553,0.0602937533867553,0.66087264494877,0.11749761838961,-0.0878242900419514,-0.0684864873862378,0.84092583728626,0.108935070796718,-0.556220457304029,-0.171623110585391,-0.302238555317111,-0.0638872337089694,-0.116021287975402,-0.11976578281517,-0.514412022925473,0.0187338454304405,-0.515881839609584,0.118696490483984,0.128516158111578,0.186197385452232,0.66167784273528,-0.14339998281359,-0.159872882354377,-0.00399754441893989,0.480627444740308,0.1055585329577,-0.271868852006899,0.0477095086398449,0.334381236276518,-0.0700030011253869,0.43062162791449,0.019812729606537,-0.025718488643825,-0.00478137695837092,-0.620518835994979,-0.0485318513063714,-0.298699225716792,0.0903749410542776,1.01105713703078,-0.0172084306084966,0.665552559991719,0.0476674628677645,-0.357327179426255,-0.0167200267135593,-0.801946543495191,0.0932000874329467,0.387733151716569,0.0512964303046792,0.302775985574273,0.0490169087934296,-0.46818427792292,-0.155220918061722,0.0744437212941941,0.0690264448365341,-0.351203195059798,0.0753032233003078,0.284207294583871,-0.105586913167746,-0.338647827192503,-0.0149822779467148,0.266514145013498,0.24589603281872,-0.559267861573992,-0.0130171110390539,-0.180402584817216,0.158977148599094,0.358916436254253,-0.0273198334201971,-0.165974756864433,0.110700668905492,0.335731145314611,0.0173807013454167,0.264363999184472,-0.0576343431274766,-0.0260949426052166,0.0426383979305653,-0.269718798545987,0.155638979893532,0.211776134460528,-0.0446260228048702,-0.36235530049976,0.00315095977267304,-0.107421009008672,0.0143530216295556,-0.37139754863558,-0.0195624002088122,0.00127650471844369,0.0130487719449699,-0.414294996661189,0.0254532448073765,0.226399353311427,0.0425283066975282,0.560456531810461,0.115419552358091,-0.0796163234282396,-0.060537779311479,-0.156327644439899,-0.0654331244601431
-0.130909644715135,-0.0843843476913149,-0.570951509572271,-0.0895208260653096,-0.268424400613092,0.0286029175527151,-0.367494328937802,-0.130558168678283,-0.12778005897123,-0.0255468003361345,0.530570677775143,0.0874710443339211,0.598446860567558,-0.0554760300950843,-0.441334674112472,-0.0761593777034198,-0.415155206870898,0.219350735089152,-0.322497225999881,0.00790161038374415,-0.175527050151384,-0.0151760773284272,-0.0813157548188221,-0.0178813926574005,0.254491999001774,-0.0368045814142319,-0.244935455308019,-0.0362411710198173,0.19065602593573,-0.104365683139209,-0.0373987075830038,-0.0217789447601097,0.143055217237649,0.118567353534778,0.36497454539066,0.00149000720714404,-0.177044761851562,-0.00860708776705439,-0.300357250328213,0.0145018327622637,-0.0905666291932649,0.0850886348078963,-0.705876512647266,0.0157789314460084,-0.627276903597883,-0.114090542898064,-0.18223679699039,-0.0218665104670272,0.0325856121657809,0.128529491272018,0.297921910466925,0.104656925338278,0.0797884449457783,0.0739483094231775,-0.0486519173834548,-0.0877306915266744,-0.422068848271989,-0.168028594982547,0.521312651865553,0.281619333468323,-0.298083552935478,-0.00634731427559869,0.500283418302178,0.224235744569754,-0.328327640193383,-0.192875206498467,0.0382123738071461,0.104213565903852,-0.0902200889279901,-0.188338988626773,-0.448111473515108,-0.149029798326515,-0.20963014683785,0.0390070707883455,-0.07975300234608,0.00362649411531593,-0.717945134671408,-0.245144479591749,-0.245241176828214,0.0041223876908287,-0.680619252355671,0.0371232699960468,-0.154686013072331,-0.145040862842734,0.761774424810014,0.0348346939286051,-0.275802745295623,0.0956478318034828,-0.579558155204105,-0.0645609934739615,0.170898604689381,-0.0270423615139284,0.751131037404178,0.0482235846543478,-0.37570159476512,0.0540244781769883,0.125584895404918,-0.0562165377192028,-0.312843497621248,0.095091609039813,-0.216750331389509,-0.121486203990623,0.155837782030889,0.0680580935146402,0.695471367520659,0.143404688524261,-0.077213921614139,-0.0671173757731048,0.858716225321488,0.140362031583266,-0.381222226053702,-0.190417408405207,-0.286897164152682,-0.0719588714049307,0.25472804512369,-0.118914597065556,-0.549661260895918,-0.00582932483096604,-0.482548937262751,0.084712421321323,-0.222218963815559,0.181910726922067,0.508304533816267,-0.102037018293982,-0.167033793322565,-0.0128642239802151,0.434729404468356,0.12350887082768,-0.399497425271658,0.0320426119383156,0.141524345920155,-0.0531402931902888,0.405727782439045,0.04028865358957,0.00757485606063144,-0.00400537629657632,-0.65824712171771,-0.0755616159917313,-0.302200704878111,0.0708830649624587,0.947650066599194,0.0333460191661801,0.609799739153893,0.0754280933229689,-0.216881337063505,-0.0325464488553743,-0.832584674355769,0.0495473509651435,0.336865785636207,0.0688555082364471,0.253863567416492,0.0612663349234347,-0.346395840500418,-0.171358608982514,-0.113863619094434,0.068025557923938,-0.381245039527872,0.0558717604069136,0.389567565515465,-0.0852530557746359,-0.155883419174451,-0.0272765520202779,0.0510303072785754,0.244554281623008,-0.683756454172248,-0.0385487717792448,-0.191256026933641,0.142995814325734,0.279794781676917,-0.00987615726663471,-0.266541860375828,0.0979159648310196,0.482163428037915,0.0331030455704569,0.326454102150064,-0.0406726584322726,-0.168218402202517,0.0398592999420031,-0.603290149073889,0.134535689951572,0.0601466672758735,-0.0327103827046417,-0.373681242156905,-0.0156761523167429,-0.289899337926926,0.00841411811011891,-0.420344526650642,-0.0357638284836007,0.0570677403019424,0.0128169878774504,-0.462511118870684,0.00292282016920598,0.247442459689962,0.0496879699490594,0.491166315778442,0.136117422946876,-0.0788629759803973,-0.0591126197443298,-0.165032899777101,-0.0688697080717063
-0.162184139876548,-0.0886750611678843,-0.467704730791083,-0.114668364698365,-0.170104575699682,0.0132013437172817,-0.37387424719296,-0.140217950658478,-0.236261258724841,-0.0287075623350804,0.409254502599432,0.110334831539055,0.587803565944305,-0.0223968658465061,-0.410426817896936,-0.0935225064630692,-0.459441789740331,0.182241067936143,-0.356142569410961,-0.00777840801742084,-0.241652559101263,-0.0238886573468956,0.0028711144614506,-0.0233697650499142,0.28735852503518,-0.0242878740963799,-0.211660991393752,-0.0437769728051346,0.254851848371358,-0.0905580644660204,-0.0643498798559124,-0.0222253331556569,0.00934628320303561,0.119308211081476,0.137083078165003,0.0192259841621878,-0.171379574079427,-0.0189005317229757,-0.393028351560483,0.000824592637322421,-0.163144111958034,0.0772070727475174,-0.63127923101226,-0.0209099874056096,-0.249872578806256,-0.135509335419369,-0.192864338524901,-0.030640147780555,-0.0452900450652388,0.123646845595714,0.320546077938131,0.112028294582196,-0.0461676068389672,0.0716876342301053,0.176813665988248,-0.0851255264095174,-0.475428440827523,-0.17721506077076,0.486227319659735,0.291175379734073,-0.280263511172765,-0.0203399753922143,0.554959556281109,0.235251581372672,0.0274861110193223,-0.198277253672775,-0.0125873906218821,0.102004779050856,0.0472444575624795,-0.181711250061771,-0.290306801637745,-0.161588256962088,-0.259581527035579,0.0276736060499692,-0.164400875249971,-7.42201312260799e-05,-0.581165336313787,-0.2663440290073,-0.346836589015459,-0.00518048800757653,-0.689888415119646,0.000911189496202695,-0.105454026967424,-0.142264938811989,0.803741822941063,0.0684833994370358,-0.376583007312459,0.0780321613622525,-0.50998010099868,-0.0884401213725105,0.359007348973104,-0.0185240016023647,0.859591293461589,0.0824667294511082,-0.605790022616043,0.0312440929189032,-0.0212943405087308,-0.0470360991930962,-0.195441506244193,0.074905491588288,-0.228778561505825,-0.122550352634857,0.0749685418502205,0.0739499033041705,0.529051051682988,0.166703502901385,0.0645616777810336,-0.0658216924013163,0.784220837066593,0.174330056457603,-0.0783277982560955,-0.194422189463804,-0.00247183790041454,-0.0818234891796983,0.437835370017608,-0.0996905002765245,-0.384669543908506,-0.032611512212798,-0.402707170314267,0.0585637960420704,-0.276977303780144,0.159326938169162,0.467962248633651,-0.0707516197234607,-0.249764752055169,-0.0202454104730271,0.536687703344294,0.135796191697479,-0.256977724758556,0.0111257240426725,0.299651868344577,-0.0422466462997138,0.414406059885566,0.0566921291689507,-0.0137068422640533,-0.004594876648304,-0.653778245078509,-0.101990479419292,-0.340820232632637,0.0524543426948002,1.12318983696377,0.078895773162773,0.829852413459946,0.0996523672609791,-0.253602693828735,-0.0408541151947067,-0.944937191090044,0.00268661906245815,0.289152099886613,0.0812781907647214,0.178084773331968,0.0701691012053678,-0.25628304514562,-0.176808303858371,-0.160168815701545,0.0548512280493054,-0.476477226365877,0.0318951602584752,0.335115695383602,-0.0622081854588917,-0.254196989299472,-0.0343045043840736,-0.0483837342906542,0.234577499928773,-0.644669924831265,-0.0698468013221124,-0.396165805291625,0.124799492972033,0.174068476350869,0.00201309716121224,-0.352384092075533,0.0822876181216217,0.533140115189273,0.0545002745669212,0.400245533101734,-0.0249857408954058,-0.333159625643807,0.0305977927005501,-0.633488131334997,0.0973113934668467,-0.0466296773571566,-0.0285098071896154,-0.178003528575085,-0.0335677034109,-0.468062271035518,-0.00898144008889838,-0.453067346496657,-0.0509181305678192,0.19267159082176,0.0151266475382788,-0.404163515375789,-0.0196150064339116,0.0879929572020723,0.0583331319242782,0.357288989157338,0.151655620368916,0.0351053121522238,-0.0591711282138042,-0.218078919409237,-0.0733836141632402
-0.147093675320669,-0.0908667099479664,-0.349593324093941,-0.130157335044341,-0.180296273726322,0.00475809129353938,-0.201274687865425,-0.151615310779205,-0.243315110696812,-0.0392657348853119,0.352438812383769,0.126637059159433,0.728020547824905,0.00709419789715869,-0.417622444985323,-0.109007420644191,-0.442215016169589,0.151165946554507,-0.45597715758469,-0.0275757544829546,-0.450180401814062,-0.0358350867942012,0.291384952955318,-0.0226399542758344,0.40835606171566,-0.0110993916933822,-0.281229898640016,-0.0488180469023683,0.217212871225515,-0.0728207225037279,0.20675430903825,-0.0204207378772024,0.184122477807517,0.114973632403263,0.169959906314588,0.0261501550429725,-0.132256796825994,-0.0257887418138516,-0.538432026101096,-0.0167146388039856,-0.214141593939238,0.0650351588767923,-0.761577997031702,-0.0505594390216204,-0.380579986369159,-0.141929215672482,-0.0594339634224875,-0.0378521420684947,-0.355084866683659,0.113782041631218,0.181150204820343,0.12260737684268,0.134844623873654,0.0661546368317121,0.0737792384803187,-0.0717634876222995,-0.164916544681083,-0.191863862746803,0.300065266791373,0.298915304314411,-0.324940346582523,-0.0318093625756073,0.36520237000645,0.247888433242962,0.056082916576389,-0.185106863524664,-0.0713370476448319,0.096255618479052,0.284719130222839,-0.168913502485072,-0.098444912015738,-0.167512829126989,-0.402371437396782,0.0124239588562292,-0.281404888785748,-0.0040253215689982,-0.301846811683985,-0.280865110502008,-0.208590602188132,-0.0223873555977147,-0.680820607876597,-0.030376449960067,-0.116794676751548,-0.137212715830058,0.907506986188853,0.102904985490734,-0.568926217498417,0.0515042201137135,-0.497027649460462,-0.105272656616833,0.48434351350966,0.00186494036746177,0.652959415413,0.122385116076514,-0.742068902174175,-0.000932966995239002,-0.138860980263889,-0.0432988131939487,-0.206577808734466,0.0637609401996445,-0.209763730765358,-0.128193186816082,-0.021349015966156,0.0728061528062266,0.357882505309917,0.182249790249088,0.180407893827261,-0.0582005705294466,0.683984124097471,0.205490342683014,-0.10039409718199,-0.187161343184047,0.148331033594619,-0.0783654459658022,0.420760265062381,-0.0736708389495905,-0.431216655714001,-0.0488762504182287,-0.321246460328195,0.0368419434163363,-0.624933145442275,0.139343167978837,0.484299707818701,-0.043259568134903,-0.205976079550418,-0.0337726020577741,0.548950899255286,0.152820322729411,-0.22266546216102,-0.00178011488670898,0.444277275456522,-0.0257105930784332,0.246863877844058,0.0723455608088301,-0.0455577538266477,-0.00622324866927411,-0.428559819897422,-0.125558158076318,-0.427790939239924,0.0300272919656385,1.01196712943848,0.127621497577357,0.759154457347642,0.135054109235694,-0.323541556174104,-0.0509934903804051,-0.911088789961885,-0.0445078057438129,0.563995656737856,0.0927095601277311,0.282873384203333,0.0745030066400443,-0.0625811564046621,-0.180088937385569,-0.149283324257365,0.0430386180378954,-0.392114776100339,0.00686624010370664,0.372039662398457,-0.0415083220312302,-0.130788042136254,-0.0444954782883506,0.0293650685179129,0.21756802066878,-0.571590281095866,-0.0918137698890183,-0.541350897247145,0.0957436177292326,0.148822149492005,0.0107827900914132,-0.43481628302708,0.0561449865769516,0.492270354474,0.0755100454984381,0.294716191887614,-0.0037081652929232,-0.283269157885973,0.0125410205808217,-0.826384817656451,0.0622483621716758,-0.0413645420291228,-0.0299745266450535,-0.02944785193368,-0.0422973811736591,-0.530466159306234,-0.0299927843996596,-0.200235155596497,-0.067327424015564,0.384003178455987,0.0247460857545559,-0.409423276645398,-0.0413419896322888,0.267826937907539,0.0567989422200362,0.129035126530877,0.15909353024818,0.167130557070977,-0.0536157038947356,-0.0631822812370493,-0.0815891703938654
0.0182931309671253,-0.0923275254662116,-0.273252992208045,-0.140188158815658,-0.197790118562047,-0.00108588641325423,0.227313676363305,-0.152949617096269,-0.458824083848721,-0.0490724409430738,0.443460120613518,0.137711038424499,0.663389940235088,0.04241246120037,-0.30378681976606,-0.124221334427125,-0.598763232935862,0.121671696272687,-0.476086260673248,-0.0500423751888472,-0.308552982167879,-0.057025323189799,0.375564732569055,-0.00733873340124527,0.513999817270303,0.00840424272583857,-0.26815923734875,-0.0619684369863611,0.213343132256809,-0.0579728083464627,0.289717733872195,-0.00669728549441168,0.0575701722513089,0.113628644868983,0.436942175645749,0.0343514212195975,0.0052479914958246,-0.0279622552138699,-0.380946521598485,-0.0433563242973917,-0.219844125074311,0.0520085335587113,-0.7761047362465,-0.0843319859585343,-0.192833934604834,-0.153003852081511,-0.0362359585272968,-0.0360707106674452,-0.468548601390578,0.0887087970791059,0.0863289007624043,0.125358957441691,0.0935193003996359,0.0693195208901633,0.148794782728389,-0.06370303788347,-0.00477978263639821,-0.186563599141456,-0.027991881599909,0.294581094421982,-0.340540589627374,-0.0471672721852992,0.104966228699195,0.251472957531479,0.034777962829468,-0.170253482911069,0.0174045617027651,0.0890620905196943,0.349248999716895,-0.144935913733829,-0.0292635288021503,-0.165170431213401,-0.417879766871846,-0.00828153384332406,-0.525408564753813,-0.0202862064387855,0.0866142636550827,-0.278205279259009,-0.0204427762350846,-0.0320356297680873,-0.582021895338653,-0.0619224504639886,0.0119840464777002,-0.136461012222791,0.734391857818176,0.145692436564398,-0.55100526493648,0.0188294865727553,-0.544550084311818,-0.123960692358867,0.561852178077221,0.0255466647055731,0.806098149533462,0.147160160512641,-0.841207819231372,-0.0378545259043638,0.0486864418587865,-0.048442090296298,-0.16243235280535,0.0519939347715087,-0.0147985886615099,-0.130381757922908,-0.254591470675676,0.067956791225814,0.129534850578765,0.19057227191976,0.130936391185773,-0.0436698502641373,0.549499775683699,0.227881759570524,0.0895651471503112,-0.182241254301659,0.159145796679927,-0.0645750015751557,0.411042404705306,-0.0517118659239542,-0.487352246470654,-0.063371916760088,-0.217644789904848,0.0193284664178349,-0.63378888853506,0.0996260617946691,0.408910503663396,-0.0165823527962099,-0.197991589793421,-0.0434846931549157,0.367218404839949,0.168439000563866,-0.243080692764508,-0.0138300257343184,0.252882253781047,-0.00142070579285579,-0.0464647616769224,0.0822771065252553,-0.150228047705045,-0.00614827862032053,-0.500514806766138,-0.140742482561369,-0.422860217131131,0.00653892128521101,0.99875302176625,0.17153991295757,0.388008200106636,0.161843389059418,-0.334910734768113,-0.0614336134026169,-0.827489784344759,-0.0874097902931474,0.550154787006138,0.116459353213776,0.235211594419576,0.0833962345787721,-0.0347245703196026,-0.169171822802097,-0.215771764058669,0.0294447406757997,-0.378104849954666,-0.0145285911154548,0.451089743457186,-0.0198712950431149,-0.198813795028522,-0.0503361653136498,-0.207561862594758,0.206278625968413,-0.451706379370081,-0.117846867186085,-0.696021496776209,0.0650421968149969,0.177793907043281,0.017797776391532,-0.557772735160342,0.029792931470066,0.246057285830168,0.0948279414023372,0.231649438921338,0.014189414123511,-0.283718968085279,-0.000993859641237431,-0.899844572578039,0.0165423892697088,0.309413232602203,-0.0306302919410903,-0.0557117652863314,-0.040495010161472,-0.502131999861943,-0.0549223421611674,-0.35530109354794,-0.0752959175138121,0.259250203380872,0.0425216677282884,-0.394335447556634,-0.059064491701187,0.0692345395950898,0.0679754915482929,0.183380183544833,0.155996826432541,0.252338381945069,-0.0425853105083664,-0.0498759795012581,-0.0822660074055622
0.218248036904052,-0.0867086629202929,-0.160375269192201,-0.143184424435683,-0.392366665086417,-0.0113368397365205,0.201882855890701,-0.132847066125026,-0.652648965826026,-0.0696351845094344,0.402922999615133,0.153635325990464,0.906576102189768,0.0736396487562864,-0.260350436783605,-0.129845713542209,-0.605377101775645,0.0836992209262436,-0.499984107630168,-0.0686447400445571,-0.113241683697568,-0.0682929193237518,0.330931724729278,0.0125323307378449,0.504611031449067,0.0320630125449597,-0.111255095649926,-0.0724529293978784,0.204705207171977,-0.0433744386495784,0.263301216664921,0.00944254677280304,-0.0554424471320693,0.111515769593845,0.448568567510344,0.0548267797558674,0.123276920930463,-0.0284630766396698,-0.277278983328434,-0.0586844267052662,-0.0980679951392834,0.0397826034218182,-0.656524857411282,-0.117711348646834,-0.0884509785528449,-0.155653087948278,0.14298718910721,-0.0372295943414266,-0.480341572035324,0.0616464690866904,0.0593157893419648,0.119148347494284,-0.105397842498049,0.0690427784228457,0.292875825800339,-0.0496547841405935,0.199558193759556,-0.175117225933441,-0.161678740381134,0.278812444100983,-0.496919892024708,-0.0619093339202885,-0.13692274911717,0.241471801747862,0.0265285380474087,-0.159509023427341,0.032280119243265,0.0849694563919493,0.569507413364442,-0.119279768907375,0.0524753897906049,-0.157007325647972,-0.417714169724039,-0.0288697757718659,-0.347236528278643,-0.0463016475077438,0.352277893447379,-0.259112063585274,0.0767371220675832,-0.0323316410776485,-0.625012282451185,-0.0887749339057034,0.168919074507326,-0.130516709844391,0.500748052438185,0.171553610105203,-0.498245657482157,-0.010583802707663,-0.348924618423696,-0.141010211331058,0.379931578852703,0.0525924419029977,0.63586205322752,0.177702278998279,-0.759678991048984,-0.0774758429154851,0.224301576225685,-0.0416506399451578,-0.35968875310962,0.0420798515465798,0.193587413331863,-0.122616025605142,-0.252115386983578,0.0492173342607612,-0.166643159869627,0.182946083272741,0.176826025150128,-0.0348736909531106,0.462971540376567,0.239891030367202,0.28604902926931,-0.167038528386178,0.175926336173459,-0.0519872158920918,0.402469229307752,-0.0306576717211534,-0.619486661681907,-0.0815073440769001,-0.300604117059538,0.00771760213861796,-0.997226349720233,0.0645142794280589,0.358934290372535,0.000949866351287355,-0.136122256898899,-0.0500502399500702,0.145064874836903,0.174187519278672,0.106279560381315,-0.0239109193835018,0.383410208681939,0.013747482162449,-0.0637694666938261,0.0785013094836342,-0.0774156826759371,-0.0108298392342701,-0.283860982373109,-0.157218550250614,-0.436872581974632,-0.0152344872465056,0.982920742149107,0.20842728379133,0.384231757332559,0.171465331846196,-0.34710213967871,-0.0740517522679475,-0.5525697546302,-0.123202651106495,0.469596950933671,0.134584598104358,0.356237292497282,0.0896617551043078,0.034247532039796,-0.16155459848317,-0.294925054002073,0.0159256124168297,-0.501187612808353,-0.0290322280739803,0.470706393796149,0.00339107693580252,-0.214402716915803,-0.0566050962773378,-0.35962241393848,0.18390163407907,-0.446314767349329,-0.134401887167817,-0.775696448618324,0.0300253468809825,0.26581563991814,0.0262277423176229,-0.460599722124252,0.00155715207672103,-0.0323161734971291,0.0989030421929869,-0.00160779560567791,0.0233162898155529,-0.34920328759766,-0.012824774984571,-0.837928436241168,-0.0307134286598111,0.373964354792644,-0.0133897389991655,-0.0515778564132179,-0.0413165399380781,-0.507012172309567,-0.0768046562642937,-0.325413387084185,-0.0884051740929408,0.230822493238547,0.048529874871732,-0.403531523576651,-0.0779120549808755,0.00481253444516812,0.0679205938219697,0.255313978363935,0.153543472445255,0.257314414128567,-0.0253952999528814,0.0664524812898252,-0.0839959259268231
0.190514458874598,-0.0721019657935323,-0.0411107180153008,-0.142374976096132,-0.448299480481764,-0.0313955134648396,0.368076963783963,-0.116880931831832,-0.645244649608824,-0.0946443979759796,0.106337889346765,0.164511857078609,0.966957465681139,0.114605267305156,-0.293040178601668,-0.133569680080765,-0.685690636011242,0.0479067561636563,-0.290822439870329,-0.0906652962586121,0.149627852333008,-0.0705516803616526,0.37715441461949,0.0296589267625397,0.481633955753583,0.0519933343282067,0.00328453894303172,-0.07436187687812,0.294473925800072,-0.0321730358482599,0.13993918204816,0.0217687218875582,-0.271855271069724,0.101445047060493,0.428107961870904,0.0709290140105777,0.302093017483103,-0.0219988883365494,-0.221336962266907,-0.0679717417101787,0.075851767874367,0.0320964377613156,-0.626018411103097,-0.142070883926177,-0.0717638502491879,-0.152572264920395,0.15796223617257,-0.0280130549051585,-0.491578454671715,0.0340753010379357,-0.0480511747829669,0.114541364986527,0.0997336557183734,0.0523480105097112,0.586752939622284,-0.0326712588865766,0.378480841055916,-0.153771939011784,-0.235503309329994,0.254473976669504,-0.447313218564201,-0.0835050387945059,-0.423665497646479,0.219986514271863,0.168043651921583,-0.147151916586733,-0.137759955242161,0.0828315210952819,0.700309081761853,-0.0828692057819982,-0.0314634897272136,-0.145655547969117,-0.528235770948305,-0.0478509058221341,-0.320527878830278,-0.0614002673006722,0.536044297520979,-0.225765823308101,0.146551932076399,-0.0251344973582769,-0.477479693663571,-0.115707608655032,0.353949800268861,-0.114296970754543,0.364843924309147,0.185241473597753,-0.499652402526665,-0.0320081600612108,-0.0980909076664263,-0.149767760567176,0.217954051288611,0.0701413019587671,0.536882287636677,0.19581335392831,-0.763267313361833,-0.111142824986186,0.349703648503281,-0.0294796389699383,-0.317796451387599,0.0192571692262813,0.30983071271551,-0.107673666287908,-0.429981297103076,0.03478866385948,-0.300741873131361,0.163157485367971,0.214041798049663,-0.0233371940627191,0.395631600694976,0.24857705527044,0.282591167227739,-0.142780063952989,0.267023021024342,-0.0427450822418785,0.425355731333599,-0.00718630669424851,-0.611902896060345,-0.109817385379188,-0.460115642377694,-0.00742142058871975,-1.19622871297879,0.0113954592993918,0.337156917985621,0.0203886486107221,-0.0689425224046527,-0.0527963828169075,-0.170378152144663,0.172159361896436,0.231597240368854,-0.0191510361183523,0.299359404190198,0.031315655995062,-0.278417776321219,0.0690911260990842,0.0768536336414258,-0.0116520241493027,-0.196975108934372,-0.164663585689082,-0.624808003518619,-0.0348342468324143,0.945348496802461,0.245042594939716,0.328489239697749,0.181295385275299,-0.0178221926263382,-0.0871509322328486,-0.422207041914421,-0.142064621009381,0.134208484928715,0.148076632036659,0.271403630331449,0.101459038299259,0.280895745955438,-0.149617037883178,-0.314383575953281,-0.0023633580483922,-0.344213227099522,-0.053271818291764,0.491698205428141,0.0242008896266266,-0.117431274087729,-0.0673852975774785,-0.666130134314583,0.154720592863291,-0.384574287602538,-0.149787675609982,-0.806934956493053,-0.0106585522905629,0.075389891556679,0.0383144734102772,-0.310781658305701,-0.0209817915296013,-0.184361866449041,0.0922434117440358,0.132535593513825,0.0209972414831709,-0.380149245852193,-0.0289623214321785,-0.690083003178816,-0.0672205790859999,0.465940427986949,0.0042545206434974,0.0556843507991168,-0.0412058397458323,-0.41088925940834,-0.0988340261543542,-0.159391267055922,-0.0984191922132574,0.143417602182582,0.0557849266128361,-0.14427942579941,-0.0946243223265688,0.054595781626403,0.0624372159933797,0.193434054301566,0.156831257391008,0.172522192275592,-0.0132124655059315,0.0462022826351965,-0.0778674821516746
0.141702731969644,-0.0579390197730367,0.0674393716048765,-0.137994949416322,-0.53500790020874,-0.0495510790455064,0.357897795031443,-0.0918611732071327,-0.588055125014131,-0.123937660204001,0.0636097440243596,0.155813378009147,1.04680075402329,0.156780173195653,-0.247485062209812,-0.139780628514596,-0.675387966552463,0.0109689977917221,-0.243667544204347,-0.0986835646861309,0.14484118423358,-0.0566391382841157,0.0794887072148927,0.046300248734436,0.557554517498135,0.070697832788955,0.142633486603542,-0.0707592620828901,0.320980336338838,-0.016359219056866,0.114292895052631,0.025505265008153,-0.151401803627289,0.0813962355213226,0.240633664089387,0.0859592917022361,0.390592905478556,-0.00558317040695807,0.00330004777403456,-0.0735073116791835,0.232194581164658,0.0344296525943963,-0.515961229819386,-0.16373450026262,0.119952507895844,-0.146270762865981,0.126971683546,-0.0192214046907035,-0.636837345494471,0.00702197904867093,-0.0797744602101774,0.10544554082871,0.10872783766131,0.0558093413949576,0.54993834139859,-0.0035840155032495,0.543058718739038,-0.12898072407247,-0.518688299842177,0.228724463642529,-0.266493060555108,-0.100267789645887,-0.487993208268423,0.184536992416992,0.35228432187068,-0.130952598217511,-0.151978759313271,0.0744019126401863,0.659319624675785,-0.0434410152670839,0.124455922755764,-0.139927633384619,-0.553560322026543,-0.0692940467323711,-0.190068261186951,-0.0722985298424965,0.597660495653587,-0.185006674126742,0.133381263637273,-0.0185198841522398,-0.172272621002504,-0.133838185572523,0.431700225781775,-0.0903639317211998,0.249809303600094,0.192721214807087,-0.565681814646938,-0.0581466029998437,0.0282425254601183,-0.146082721819794,0.187660706881006,0.0762586697041931,0.426811310019262,0.211495507185606,-0.790233958706566,-0.143645863601456,0.275075089520797,-0.0108492538950239,-0.350592064619014,0.00159885277886262,0.43435329159808,-0.0850421471668664,-0.245495659917609,0.0116558657753537,-0.300062188844609,0.140346480402418,0.13633474513532,-0.0131587263318517,0.18958995163859,0.253727376359892,0.318186618315791,-0.122250742220634,0.314704115011975,-0.0267461571415255,0.467816375129321,0.0154556539330405,-0.530870953286565,-0.133205917539597,-0.277649302854626,-0.032325282023672,-1.1202119156486,-0.0470294382332251,0.405710278853384,0.0351331235873333,-0.127563835404006,-0.0526147437175878,-0.367573042728143,0.155732544233805,0.130744730911044,-0.00554584719482689,0.376926259140936,0.0444012684974559,-0.347272223561646,0.0518039265515829,-0.0272300255869099,-0.00959014869736747,-0.190921828410969,-0.167277237040387,-0.717699748165497,-0.0651566819582517,0.822441805995832,0.276375370288503,0.17233667877296,0.187865448818257,0.275315237250526,-0.0818168601669877,-0.24442087763565,-0.154378410548824,-0.0425675655798883,0.147626894943076,0.190830597633413,0.110220885321531,0.610202699241339,-0.126361179390312,-0.495623864069092,-0.0167444546730924,-0.376622617933359,-0.067338781206149,0.51687590139361,0.0464868605353211,-0.025612215215137,-0.0683829741250969,-0.791555042770087,0.111771493933259,-0.316889475183721,-0.157424135489381,-0.902604899669397,-0.0488548672795307,0.17434547182846,0.0380090784759944,-0.27376645448697,-0.0362132069079735,-0.133932316977535,0.0752966907813832,0.0599823984151791,0.0278524712770502,-0.372346411275644,-0.0482309629215272,-0.647961675301403,-0.0998952761571716,0.433310509146582,0.0279620039818888,0.133007293779178,-0.0364614312254781,-0.403884877049612,-0.112464026278628,-0.186653014206253,-0.101758203185918,0.00607759968999696,0.0600428218457207,-0.048698880515587,-0.0966127355799744,-0.175633803208988,0.0609785321106762,0.013241842783189,0.157825080114215,0.119205315215443,-0.00196662820495744,0.297152353679691,-0.0707292965444788
0.130689899685394,-0.0473813426633099,0.167808437432746,-0.123933818894313,-0.485789358874335,-0.0764120938288785,0.632127079313623,-0.0683156336360368,-0.643060441250001,-0.143943614883063,0.0599316136864366,0.14692192672172,0.827472495421746,0.19694552080574,-0.057672950182018,-0.145064300820789,-0.842996994651726,-0.0243129859431206,-0.289497210451131,-0.102099999298384,0.284029268821607,-0.0462614754174294,0.0595783776191186,0.047838829978498,0.328399685997052,0.0896633578715995,0.252425176581704,-0.0602388082693264,0.190733838027389,0.00174733642183645,0.117939443542976,0.0295945624354426,-0.217869527485969,0.0689144251946212,0.27926039789535,0.092270936838516,0.474209125249073,0.0136112810929836,0.138074449906114,-0.0695250809704071,0.135234068961493,0.0429561409368803,-0.342842708085762,-0.182523896590263,0.229907858165035,-0.130972351808274,0.0742639585683556,-0.0121327645028531,-0.541655275808924,-0.024477750562248,-0.224872396208352,0.0938973188168037,-0.104935754250857,0.0579611388299502,0.513075282098744,0.0239775487569376,0.79026184529243,-0.0940350847254806,-0.578261803899857,0.190246269959595,-0.106342522116229,-0.108363512262487,-0.564067404937085,0.150420806599866,0.449217939792319,-0.105781079548741,-0.255386330825985,0.0637945759651322,0.746910362526636,-0.0106553231801989,0.196657687004883,-0.126181942057612,-0.301411864360015,-0.0918405619455443,-0.15656788407372,-0.0755853406076887,0.824655675639437,-0.144071934251593,0.131107004575638,-0.00943213206633894,-0.0386550866158189,-0.134465102802563,0.563785740543555,-0.0651811015842513,0.113590066506236,0.194636054621217,-0.521298336214101,-0.0838470635165145,0.23955539222257,-0.137345579003309,0.0223920589697655,0.0806721878182602,0.331967115652642,0.216142148616782,-0.593878397917393,-0.174284769962395,0.148224733438884,0.00331891116184235,-0.27119984084957,-0.0147050669077593,0.412287417818545,-0.0623377017190157,-0.30996726487694,-0.000380943044338376,-0.267073155265582,0.11844646853815,0.202008041421988,-0.00849297811734483,0.0548295321117155,0.246382252669465,0.402763022297389,-0.100623493982537,0.466112827141648,-0.011635654953747,0.474624233343102,0.0388501017408828,-0.300860093831336,-0.152144559535233,-0.218826685544745,-0.0437051077135031,-1.01239949570726,-0.0996445203529503,0.39774660617455,0.0528685189905614,0.0251906774482121,-0.0554080051431141,-0.688922213682175,0.129430742745153,0.0173658552516576,-0.000111959973499722,0.300154199766271,0.058066471007666,-0.333290337325541,0.0318178192335565,0.174586106552178,-0.0103260030077531,-0.0526966986443814,-0.169328433159297,-0.454058380193157,-0.0951873654006144,0.678543448949697,0.301499291813809,0.220886436785306,0.187364442970578,0.571528661295204,-0.0612568080582352,-0.200204121726996,-0.156655998511665,-0.146872946086056,0.140868975915543,0.221717044001368,0.114793408552157,0.757172947768746,-0.088806392941755,-0.610296647882393,-0.039887060392667,-0.430623269314716,-0.0797023578937299,0.579056346824021,0.0711561555248808,0.0171758697098926,-0.0649073636977205,-0.799073430812824,0.0643444080092558,-0.154199917281027,-0.16600831438115,-0.831704086109451,-0.0896012266791387,0.171479940747836,0.0425644549059824,-0.0801172716808455,-0.0459269488289675,-0.160953110269227,0.066667230298613,-0.16909379899881,0.0287636233100744,-0.491192142953959,-0.0583644802589654,-0.611157269155563,-0.126175634961156,0.391758275144438,0.0473895788518039,0.178751869528933,-0.0293115024057717,-0.138387823454166,-0.12592239671542,-0.257473473352,-0.108594673931454,0.020747508853735,0.0555789366093376,-0.0219923584579551,-0.0919219037186054,-0.240673308305334,0.0512030715056714,-0.185346904625011,0.146311005673432,0.0518706809185608,0.00280000040173351,0.225349432060272,-0.0512856871407313
0.194505439399587,-0.03815809383183,0.206128807729857,-0.111241568200014,-0.161550402587167,-0.0947280736398671,0.564898555176189,-0.0346074990697045,-0.309813296157856,-0.165971323749546,0.0705389010373713,0.141763856695319,0.585584047064558,0.224294081793369,0.0121084480375654,-0.140452385649562,-0.793280199040791,-0.0644334299819498,-0.138425461064504,-0.110923885374919,0.248548652307108,-0.0298317571169208,0.0528987288331066,0.0471151084726508,0.275855412495492,0.101433458666934,0.296797055343413,-0.0435883277302318,0.175071307505746,0.0125410517030663,0.0941069504590154,0.0308568824465399,-0.339424971678882,0.0512797022130031,0.138736122564863,0.101404263302748,0.343072736576209,0.036938193206791,0.150067045595528,-0.0601140152885128,0.108866393066357,0.0497583160056035,-0.106298786280075,-0.185688756292699,0.276449861110868,-0.109788064750851,-0.112794390928419,-0.00890238143062763,-0.419342947138687,-0.0481596942002646,-0.377527744501112,0.078921379641023,-0.0815241733620208,0.0480324939652145,0.446080605441706,0.0482582875007017,0.827670119655894,-0.0491196813250382,-0.706997434090378,0.149654483239188,0.00342526337791382,-0.108542022877473,-0.679021976150535,0.112241018476508,0.486197896773835,-0.0760410418765687,-0.338839668707631,0.0458869844407098,0.720321989039113,0.0255911227143078,0.161050965335224,-0.109627712472885,-0.178758786517202,-0.103268754509448,-0.206198935154091,-0.0772846732793772,0.779433894688908,-0.0954387307739998,0.10698217032698,-0.00448417152346761,0.129666106709021,-0.127123530325867,0.552787056727435,-0.0334262367044715,-0.0259641415964551,0.190037025800026,-0.586493659172792,-0.105048551217004,0.308591176759669,-0.115749141429396,-0.224424369450426,0.0766619667789615,0.149889598686073,0.22131318090813,-0.362626874438417,-0.192757455052796,0.12530707163411,0.0108550730375816,-0.229426644050614,-0.0233786421689251,0.424908135593289,-0.0397724212766135,-0.439209550861252,-0.0155577992783929,-0.346166128158181,0.0983084851283476,0.317150297298304,0.00268580345277285,-0.0492963190924704,0.235637203262499,0.446722913689668,-0.0752342564883458,0.361427114906085,0.0118949076675283,0.450260703260926,0.0621470207264498,-0.229836171311146,-0.155960603954396,-0.0846495224173935,-0.0497721788863789,-0.990302703277542,-0.143377841026629,0.359917033511767,0.070669065635148,-0.169649617566926,-0.0530580207043484,-0.802173533110404,0.0871197915996276,-0.107439737059354,0.00221012654279694,0.257653231886769,0.0707981936541044,-0.295777247294678,0.0125975696951514,0.0937172440767043,0.00065767617887522,0.432482170588209,-0.160792174102916,-0.273251163434074,-0.108898910397724,0.346634603189216,0.317798998309057,0.133249792367514,0.188989635932224,0.583221980285028,-0.0307184185377018,-0.0894707659874493,-0.158338185670902,-0.337090246405393,0.124711257831593,0.227516996250548,0.11990909109916,0.799544277743161,-0.046217401335825,-0.546254052783206,-0.0677289037031464,-0.288986845224117,-0.0952270554437357,0.301343544270124,0.0940032967995219,-0.0214115707481548,-0.0591980508623418,-0.676112633694777,0.0212404722541831,0.0739454295598745,-0.165177186200269,-0.860857715918483,-0.122731814228346,0.217540212930869,0.049234877780873,-0.221093755206445,-0.0479505991160802,-0.189402748075073,0.05449848029457,-0.174729051906616,0.019058962348443,-0.518389554629936,-0.079124123634873,-0.530292616106263,-0.14951962232812,0.468147044306703,0.0675071997858642,0.07724795132659,-0.0171628635273347,-0.0896813165541019,-0.124639386852534,-0.142238366264122,-0.113823450797921,-0.0404758361820741,0.0533177453952291,0.150604292174933,-0.0852095142012044,-0.334153669502342,0.0354460304044351,-0.39256615994722,0.127115387786114,0.0590325070061733,0.00555941104831192,0.532421395597447,-0.0394599858461404
0.333076900064123,-0.0279470671342429,0.237353013575589,-0.0953375664451015,-0.33317068006382,-0.0963610388396582,0.597191116229335,-0.0025688015920917,-0.237235436821895,-0.172014745012291,-0.210440332933864,0.135583260900946,0.309912885206468,0.243466599227106,0.0584410268591617,-0.130598988108001,-0.913304094584927,-0.0974099059367175,-0.183726076420532,-0.115079018286398,0.389918117105165,-0.0130490713114979,-0.144771672152637,0.0477499899252759,0.286286130334721,0.10631506834413,0.308997549240598,-0.0256039971220881,0.237790612139727,0.0176407886918939,0.0378208500883682,0.0331530861683159,-0.408500109736367,0.0317139031314504,-0.0122965762042587,0.103248266950847,0.289824361071483,0.0504632731998138,0.132598195768257,-0.0474125073091694,0.140473125233288,0.0526128405796598,-0.0268679631726681,-0.178877355044955,0.368885295917589,-0.0894552458737831,-0.302749336093661,-0.0166993825742862,-0.313748049541387,-0.067614368388106,-0.233753261846826,0.0576770543394132,-0.120912863400662,0.0440514011242511,0.282919977456609,0.0678685853526062,0.664712841098143,-0.00856106701522072,-0.836452689006048,0.111135289882466,0.0268097223105387,-0.101491578116649,-0.949597045981702,0.0742632687374359,0.37798442322148,-0.0478613296612494,-0.470248346567479,0.0258903212475013,0.666751633885772,0.0550467674311756,0.103929819126877,-0.09557454749041,-0.0347628054315595,-0.106323762939164,-0.0917314509289768,-0.0843914001161647,0.850261214853004,-0.0545146023473358,-0.0642767303556339,0.000841587593238648,0.171463512171053,-0.114655447354209,0.520365057687911,-0.0062470190024306,-0.162811722825668,0.178392658378049,-0.498373530060391,-0.129018554123376,0.461050542591643,-0.0926133354397312,-0.361521019846802,0.0608236890281241,-0.0557095705993406,0.215436321518664,-0.195022543295732,-0.200383167721478,0.174727501251432,0.0147765557141483,-0.208389170944258,-0.0338092923457486,0.540247937275195,-0.0160599902159978,-0.55708374519798,-0.03587798050467,-0.498746010759933,0.0764822490578191,0.539655278548255,0.0174680605007785,-0.21492919064315,0.219673706297196,0.361349457342245,-0.0481399473954194,0.394729256387498,0.0268769064815472,0.457020744615578,0.0813752287939067,-0.126934857303377,-0.159520382152205,0.102776957148986,-0.0489043869038942,-0.891123616435772,-0.185293245069662,0.358561253802069,0.0842201511116873,-0.240544252951123,-0.0599004688651767,-0.880035075777777,0.0432131109996393,-0.090307359533699,-0.0044404512740795,0.27329493178797,0.0802298097397267,-0.399940001034368,-0.004841095271604,-0.0331815347773818,0.00526264080159903,0.370292088943675,-0.130292000315676,-0.262223253798144,-0.11690159375018,0.239146781102954,0.319289441298537,-0.0626806766438957,0.186713851759533,0.493350686426997,0.000577833065175007,0.00629184795007943,-0.154226465939479,-0.525501773305415,0.101542645200595,-0.0151545732629765,0.125568403736859,0.758411619194956,-0.000682555056213496,-0.488788987607614,-0.089712133342125,-0.192233041010443,-0.101619028288523,0.0779408319420144,0.102661935294642,-0.036965011626583,-0.0560224209655072,-0.474383752780029,-0.00970536063032475,0.227560198520675,-0.153858705041917,-0.655822337170232,-0.156674617109884,0.169104459833882,0.058198679360702,-0.144233729054371,-0.054252630034843,-0.130200962556756,0.0449920889478763,-0.231781667941491,0.0109271711821653,-0.509126174900445,-0.0978029674180598,-0.455005685954033,-0.168009412300193,0.538340115473364,0.0864732066423525,0.182621409535472,-0.0114268426062359,0.0313855437340312,-0.12254402307595,-0.0422284307394207,-0.113576320219032,-0.0819260613194938,0.0501791291626601,0.168420569774705,-0.0722323194881778,-0.299260210034433,0.0170614080674342,-0.301349608339604,0.102172208080094,-0.0526514958934937,0.00577102483154247,0.530129321598142,-0.0113297069762554
0.281681298435188,-0.0100184191781987,0.547729329085698,-0.0804303160577081,-0.286530258510527,-0.109125786080446,0.601935325503803,0.0266588680852086,0.0311693791844378,-0.173934824628493,-0.168411245021113,0.115846634213396,0.459473614910226,0.243845949301924,0.230074082504067,-0.121869390608396,-0.887872666055028,-0.137352196940964,-0.222048654599481,-0.117431976460413,0.422072737342629,0.00510198647011516,-0.0407942345777061,0.0374699479159172,0.148926627556509,0.112622592124379,0.206148089275942,-0.00866288220897262,0.170437139480367,0.031332099626988,0.148335831607335,0.0343353233670068,-0.488097995535306,0.0118755752958749,-0.0451894075199329,0.0956044938745572,0.273478901486569,0.0638669902873636,0.0749661231661941,-0.0411976308083996,-0.0336205886098711,0.0569655751354133,-0.108859947592838,-0.169948232057608,0.411665145690281,-0.0652422892682656,-0.365732993907583,-0.0305906096944862,-0.211563651807217,-0.0827835213458051,-0.182348863015247,0.0437007098368987,-0.198350229004134,0.0355001882580632,0.286419893285517,0.0801125285944756,0.668645741553927,0.0233579200952948,-0.83137841297962,0.0636552258628673,0.0174868634765388,-0.095953653310083,-0.954929484004309,0.0226944135037905,0.392643584253438,-0.0281416801009068,-0.476862228914203,0.00254680634469081,0.820959576263823,0.0852790182928952,0.0245021113644345,-0.0860791622564325,-0.0728605785769315,-0.0995423078955155,-0.0890667622760761,-0.0844249463900284,0.949566672928924,-0.00900814017410428,0.0313062585009112,-0.00296366271439831,0.167736395815886,-0.101636806763427,0.518120034517213,0.0185814993306105,-0.331089683200668,0.157652077281802,-0.527027561220341,-0.148464647495398,0.513580207998598,-0.0661822292317403,-0.458387082355706,0.0392171909318499,-0.220046813744667,0.200182497871699,-0.0998471877813454,-0.199468048231268,0.185050192089657,0.0230303610875798,-0.0605785583265494,-0.0426991631763544,0.406334120435624,0.00954240374626838,-0.525653149633014,-0.0585513448260426,-0.386236491693644,0.0488686710214847,0.596377621172443,0.0426399163029793,-0.579805522755256,0.195410125157102,0.254862719979236,-0.030753607445661,0.270478483494218,0.0463708602357342,0.447128710505182,0.0986470808964002,0.0264822887203552,-0.157785031462049,0.27119009803018,-0.0413651334336831,-0.638371316943431,-0.218631053596768,0.200484226777109,0.0964083063390516,-0.262919797670578,-0.0695219507604277,-0.820373199042889,-0.00145706230403945,-0.203304596317216,-0.00608349154219298,0.170274120316818,0.089743295880777,-0.337701092505561,-0.0244498431156747,0.114344430402999,0.00204959475073623,0.285115296657894,-0.103426466613082,-0.0332925798580612,-0.124599144825703,-0.0165980194659452,0.312133774276527,-0.180370965456279,0.175510651028733,0.4228511565592,0.025940621920625,-0.140738684448798,-0.141280357260094,-0.491890131081723,0.0745927230534282,-0.0598179327667824,0.117503624970164,0.971244119657219,0.036500449204157,-0.582367212921552,-0.107064459851981,-0.0779817157068792,-0.103713055644069,-0.0355459377751399,0.0983097691302498,-0.052578283395028,-0.0514105221233833,-0.443488100236805,-0.0315026944798955,0.478875092545927,-0.132471176023051,-0.51441269935071,-0.178945895627121,0.320388239792686,0.0624009114897948,-0.120820133447929,-0.0573518936115178,-0.13620497125693,0.0377500353012618,-0.439310190989077,-0.00324763778071052,-0.41683969388486,-0.116004184410484,-0.482876153607247,-0.177925777751526,0.506378978938837,0.110484337178879,0.136877045228343,-0.00441451197973261,0.105905679204162,-0.115861387717089,0.178160429397628,-0.110786423774929,0.0792118190628007,0.0426170524400545,0.257947499300561,-0.0624847252410478,-0.410901051152643,0.000890828359602889,-0.372669422551308,0.0823373802099085,-0.240714604266381,0.0030483260431837,0.34887259148103,0.0162798382535529
0.39394887156364,0.00682178873564128,0.652411856470088,-0.0481503057199994,-0.189974120711234,-0.116327578092099,0.602199036954156,0.055432535002495,0.246814344819217,-0.161517084093681,-0.0973649894801071,0.0992914290531753,0.0920053472086723,0.253556422329347,0.313294269752915,-0.102479695412946,-0.752439792440676,-0.171229019894082,-0.0620460093935739,-0.123055830599952,0.400264016222182,0.0261999102898144,-0.163341765409417,0.0318030422970515,0.0584338313484544,0.11299250460455,0.0985205729132794,0.00341651045451459,0.235380219311329,0.0351013099879769,0.0747378644301885,0.0393710378386552,-0.491144392314116,-0.0133693876075782,-0.16206082486604,0.0842750410425637,0.0397424632522802,0.0742563102317068,0.0444667896377184,-0.0335074198166609,0.0137396817113483,0.0544119022761205,0.00818269157828704,-0.16733517481897,0.539248601182101,-0.040032184588153,-0.179373669717824,-0.0461329698399124,0.00141201247763933,-0.0902996477662655,-0.267325174291269,0.0328099364777237,-0.198481771586039,0.0215796466753684,0.401439240780602,0.0893065623230937,0.619892172760092,0.0532696577034481,-0.706675773924837,0.0193221257216157,0.0964661693901294,-0.089131543699477,-1.10833605884375,-0.0222398299548145,0.305639236803988,-0.00808536063382198,-0.293292116389221,-0.0236755378614609,0.808608942561882,0.120676984150666,0.175547790867855,-0.0765942439654607,0.00236745503704042,-0.0944903131439414,0.0559745975265086,-0.0820875468000987,0.93792797476678,0.0366580664622833,0.0160075963937087,-0.00381263998449282,0.202914957261822,-0.0881456604091752,0.57665863871203,0.0411266330352871,-0.374734615529983,0.134844782054519,-0.777823778724016,-0.167666831136927,0.667448385249943,-0.0351506051372239,-0.432054198184747,0.0159496842791474,-0.299616414173856,0.173785998571296,-0.00466459246194763,-0.193863508627049,0.247026937264092,0.0314943955401481,-0.157730753548266,-0.0432943809429526,0.240069444918094,0.0290936283712902,-0.480045173140849,-0.0813248768558129,-0.469035108641457,0.0256714200151244,0.725024997127379,0.0708337771303465,-0.924153254130395,0.154660440066528,0.349716200760389,-0.0192938649790594,0.149212804540012,0.0551031632384026,0.257008376338309,0.115183775771923,0.143685922875518,-0.149678344598054,0.00163381731339181,-0.0266377969272145,-0.55948533999665,-0.236103219790154,0.112592802990323,0.0990435217789355,-0.152799521773803,-0.0779344419765317,-0.906931799174864,-0.0429720066774492,-0.154660333730724,-0.0162529193886095,-0.190403783984877,0.0927821411867929,-0.336968570006049,-0.038752042028353,0.0493917301890898,0.00528893411540791,0.235785889231751,-0.0838290976558129,0.213641869793792,-0.120770263200331,-0.355709712310601,0.291514119033081,-0.21802648140054,0.157566049269366,0.26003973593115,0.0436962420616723,0.185988780096426,-0.137113447151165,-0.501909972973035,0.0470235816018424,-0.0443716783756093,0.108668285191883,1.05785658999967,0.0813128860573303,-0.599092983810865,-0.125096967474217,0.198344853963381,-0.102796810056543,0.0398882417289025,0.0883447335382911,-0.128387756950383,-0.0495582466216094,-0.514554723325973,-0.053499947993881,0.621041434192444,-0.101792436325798,-0.406147600051405,-0.19481073726236,0.0873386351128775,0.0738933687866175,-0.172054937605351,-0.0625331444172314,-0.102625130212042,0.032679993161964,-0.193199790831219,-0.0248713726823178,-0.359872738221331,-0.130803737693854,-0.281358706899463,-0.190163578201168,0.391958060315003,0.130039060687277,0.0808467377325242,0.0033554841464674,0.175785375954993,-0.104430408946644,0.251031151829318,-0.0967573115608712,0.049372904048216,0.0444453018927851,0.460853502795029,-0.0458176893999781,-0.157002165016091,-0.0205306741081671,-0.449882448482045,0.0577138166529176,-0.390143479258684,-0.0112314683303971,0.117943091503314,0.0347219543219899
0.276210912010221,0.0259229351245191,0.81961450494311,-0.0129895372748188,-0.0738663220559652,-0.11939396883928,0.566463986109658,0.0837562397392977,0.321233688413584,-0.14172154872765,-0.0970633670639485,0.0882723859658876,-0.106008515164903,0.241585853079996,0.497522764983464,-0.080716963264454,-0.463983514390388,-0.200696354413504,-0.203485719426663,-0.117575411150567,0.37858953347729,0.0437193698120801,-0.311167944051886,0.0226821546257524,-0.0601822680867438,0.108654325827271,0.17617549560497,0.00755163842925766,0.0774217217110456,0.0451646283608359,0.110174575436448,0.0400294254493417,-0.598736025395554,-0.0359950131478296,-0.24551033015002,0.0689092391812427,0.11285498832588,0.0737195203788611,-0.0788048419693359,-0.0270675909857785,-0.202652303818619,0.0514761640125033,0.0306597024691898,-0.159312327250757,0.597420907930324,-0.0141772368998409,-0.115569271760613,-0.0512462440855781,0.0918404669300184,-0.0847318879030701,-0.487022801738922,0.0181288975488097,-0.218815722617342,0.0108330083764066,0.210943659524541,0.102907235938621,0.696928945678014,0.0799963808714712,-0.686291275306162,-0.0133934576602444,0.219888086353091,-0.0781932867874788,-1.19859974384474,-0.0754188397813047,0.360287090962818,0.00483675815668272,-0.232353367612218,-0.0375782238703676,0.334867565058133,0.151224160661482,0.395621076599443,-0.0666290292330906,0.178918308510326,-0.0880959670230664,0.286073198099917,-0.0755022206234931,0.788188124323956,0.0802058553209955,0.0831578428250034,-0.00302925629666158,0.311495740333012,-0.0734440947889037,0.431904799355465,0.0643312706393281,-0.482969094080056,0.111600659147158,-0.599147315639126,-0.195687411660196,0.58314625623498,-0.00119013592396421,-0.54654332035197,-0.00594698168673912,-0.539803870465421,0.151208087625633,0.126020442303359,-0.183033157939839,0.166180627668063,0.0393076778019615,-0.0865843386042577,-0.0506512265088362,0.213785305113193,0.0389272806121084,-0.404554631548441,-0.0994067370300719,-0.418680862381952,0.00242609733059269,0.602913231930271,0.10097849386737,-1.05211070392507,0.10034642244464,0.253890778109894,-0.00135921888515515,-0.0635858857254535,0.0605402072436459,0.126653024878297,0.122030606987438,0.427832162723713,-0.13414638954954,0.133603782685514,-0.026352512472578,-0.347602351590468,-0.247534510136833,-0.0120270163901369,0.0956692849119166,-0.0598084808483219,-0.07712629532926,-0.793834309197684,-0.0852827156940226,-0.0458627949616084,-0.0266159258595348,-0.20212999856256,0.0759585524849181,-0.147206778256106,-0.0526453406744971,0.0206820021906627,0.012099838535028,0.0580887927329046,-0.069652955025851,0.324243377708718,-0.103852510758225,-0.500418827427524,0.257570118938231,-0.435564495285948,0.137245811832106,0.283918207695559,0.0519300562231636,0.382256397917437,-0.117753171484054,-0.542589287084305,0.0225279344158624,-0.120642875766671,0.100063330867588,1.12327094723341,0.126785071851952,-0.544015420620402,-0.145931008077877,0.385228023267021,-0.0865866491051388,0.0850736453296222,0.0844427522206879,-0.233656680012169,-0.0531587547773039,-0.446384214730738,-0.0772000736550321,0.981302761016684,-0.064313419035714,-0.441506124767931,-0.203103214124061,-0.188856677446437,0.0713051712378205,-0.293143890442646,-0.0681999891542523,-0.101771920987949,0.0272812439487648,-0.260592513030572,-0.0311730732945103,-0.175303380489853,-0.139098773438521,-0.151390172122584,-0.191209482189066,0.176919646249357,0.142358246730898,0.154851426266585,0.00784684095865521,0.437202784037454,-0.0907101773836925,0.238630213860167,-0.0820599076990494,-0.132711290138268,0.0422052506935483,0.434784424500709,-0.0208401404938515,-0.184899761389941,-0.0293188298841833,-0.224907255462081,0.0326270917473564,-0.302112605888361,-0.0313328129773305,0.0920017643580072,0.0400854924992908
0.337301527019108,0.0372552341854566,0.96990692658323,0.027007971702195,0.0322943660816515,-0.115695202480428,0.71796669642685,0.107728012938117,0.345557071443938,-0.115220346435675,-0.0383540462728427,0.0797343134278387,-0.307167681963432,0.219663990610647,0.40844501223086,-0.0498793133717157,-0.340198435759502,-0.212837369020456,-0.12822327758681,-0.121576422303799,0.494543424994792,0.0600157579702051,-0.259092433289445,0.0082604093691369,-0.0528622247931251,0.101244420645849,0.151030244299111,0.0141685959840529,0.0136175965817701,0.0430466486659382,0.0957652064359941,0.0405936366280397,-0.566577483451806,-0.0626139986589858,-0.451963609562105,0.0531695382087447,-0.0310912303861423,0.0749285315081319,0.0583848866213461,-0.0307742251946794,-0.324636264177544,0.0390502062391771,0.217343370334197,-0.142787543480458,0.679488704086765,0.0146383048233021,-0.0235957326099879,-0.0536845944594027,0.124674868325534,-0.0785715240059962,-0.468764922437843,-0.00667627984011446,-0.327464189071814,-0.00028223411195969,0.231592390276293,0.106998058010356,0.639565772545775,0.108329587732042,-0.471270649530106,-0.0469845234872119,0.139384336094019,-0.0640910995068409,-1.08538416574462,-0.129225117567394,0.433290701136117,0.0217788367714642,-0.252621431807375,-0.0464542041252752,0.0764829270528201,0.158500098484792,0.670578883590289,-0.0438122433356352,0.364223632540187,-0.0757977942379299,0.32086222185081,-0.056011081212965,0.492013236450625,0.117133642143515,-0.00725842134700121,7.47545625043527e-05,0.488309384873352,-0.0540750391089631,0.358098548817026,0.0816424563415512,-0.498940614445079,0.0823981431235203,-0.544787513565644,-0.214018018363236,0.679766370690699,0.0279536806712107,-0.543030554138124,-0.0337650058242037,-0.521935225067335,0.117150651766679,0.24511153330145,-0.168993527859041,-0.083016190694159,0.0455536769436799,-0.0300544380883653,-0.0532511712553269,0.0948336112016681,0.0472667604293473,-0.315437765395554,-0.115451903601737,-0.373274474047379,-0.02005211406498,0.385146953930206,0.124024523414899,-1.15861736192311,0.0449757699551417,0.293141987275797,0.0100066828238249,-0.139199433665952,0.0527808878008762,-0.00359060813953258,0.121348608765616,0.685961107666621,-0.106147089525118,0.0746929668433577,-0.0174895055506429,0.093683315452557,-0.24962336784909,-0.150606008149805,0.0913509276316064,-0.0324887465848361,-0.0757926513716739,-0.580329821482179,-0.119359777058381,-0.188159653355809,-0.0268398500743761,-0.37295818389611,0.0617033954707405,-0.0423407130802473,-0.0570459831743633,0.207828574344836,0.0141053554443131,0.276281317655269,-0.0611762410493728,0.286576481354966,-0.0847093384351845,-0.732427428033776,0.219519702664546,-0.536501918873808,0.107048992758729,0.287187179844433,0.0646441527923425,0.582205582993299,-0.0954364849027103,-0.527261032935328,-0.00592589061585958,-0.185861184157823,0.0889950530628889,1.10927922574158,0.17469705884993,-0.341037146927535,-0.163656154415182,0.443668671226095,-0.0626270368926884,0.0111653018510398,0.0849192985937396,-0.454406191753175,-0.0595010670438682,-0.235922123870485,-0.0931818808135991,1.06908901281061,-0.0156251966856681,-0.0195686543949927,-0.210018492634482,-0.203952695115639,0.0573370166456965,-0.0681902117825651,-0.0802265474833102,-0.264952094072308,0.0199929372430065,-0.39784939449802,-0.039376152274337,-0.0622221730148844,-0.137181354220204,0.0320131878003581,-0.186550729247317,0.0954351530625935,0.142504424645485,0.312621000876841,0.0179026118224404,0.589221676552173,-0.0617927404652435,0.496943977091614,-0.0681294012147462,-0.196615302220384,0.0310545136322338,0.500237612925909,0.00146953306510337,-0.136219941219542,-0.0364531587430241,-0.205121277505373,0.0206435963643746,-0.316476582017883,-0.0428810280035623,0.0302796857140456,0.0425925903731854
0.422895554400772,0.0504948739024797,0.843114527427851,0.072168347149335,0.257191256671003,-0.108612492154222,0.688963032005923,0.135109701412667,0.417687434311024,-0.0880768807435968,-0.023168986589672,0.0730886258611844,-0.278287693922361,0.190613149665195,0.320974014785554,-0.028187339492988,0.0197723580309941,-0.217778025169877,-0.019597438930188,-0.121055992268173,0.439774370859591,0.0805366721505032,-0.399586854822824,-0.00727759889868689,-0.148757170619437,0.0915965479234991,0.180578287314814,0.0239597725703851,0.12418600343871,0.0409924326282442,-0.191542889990323,0.0445306725830569,-0.319231956420085,-0.0886441424799653,-0.528273123516732,0.0272310692009168,0.0289701271627416,0.0667743676454862,-0.0122459642807281,-0.0229195080554756,-0.27674236179338,0.0209555298455116,0.490532191258207,-0.125808261600338,0.599501992308537,0.0467383236493487,0.0304048220397446,-0.0502591949403383,0.279078255798444,-0.0657873189638408,-0.31593258558652,-0.0298762462647412,-0.371528304699813,-0.0155089549657516,0.224854812466236,0.112737302693929,0.371510749845579,0.133732806016072,-0.331052544643506,-0.0644390303606884,0.233095804984409,-0.0499588664300183,-1.01630160711715,-0.176336672851599,0.456673180215079,0.040950102096774,-0.107527979072864,-0.0575895746178764,0.0623497344915094,0.151364031780905,0.594251059041916,-0.0116164309969476,0.408971316723254,-0.0533770722183879,0.307586316652179,-0.0358254119672092,0.274463658848155,0.132778939381142,0.026247781896965,0.000510890422349775,0.390379238715262,-0.0246000776087579,0.328389278257093,0.0971097953860287,-0.46919341256573,0.0521057158823223,-0.357224681527382,-0.226678009810933,0.660950381869726,0.0581785543258697,-0.615620009571638,-0.0590909809702028,-0.514449654491796,0.0865029379751306,0.488857107660629,-0.148546978180114,0.0985556455961027,0.0409262971879712,0.0871982654302665,-0.053224481912482,-0.136760432950898,0.0490148197770535,-0.223518799757238,-0.124726166779059,-0.343771068862523,-0.034794302781849,0.105537315023,0.133656223272211,-1.2659028240609,-0.0142589019714401,0.308617734909307,0.0219977816802935,-0.299522651760484,0.0442340191686765,-0.0880282249222664,0.112811297538925,0.630119262752559,-0.0705891692491411,-0.00514596073207965,-0.0124726046258751,0.321115363791567,-0.229655748628154,-0.282663204627212,0.078055286523964,0.0613764884269668,-0.0726080095524543,-0.431238885675392,-0.140419666520808,-0.323098334969211,-0.0380247303028304,-0.414902918073283,0.0405776485165891,0.173014634579648,-0.0561544419929809,0.269832020973433,0.0215215338978176,0.22605126060111,-0.0458881156902619,0.166392571745531,-0.066622477051369,-0.904674952294489,0.17120997740719,-0.516577970061214,0.0724701100009697,0.0940024456164753,0.078206005768526,0.854287095118944,-0.0610643715035346,-0.638380266373657,-0.0311605498210219,-0.0193995471179393,0.0761055699628669,1.17177515121356,0.221772615172816,-0.352147834175616,-0.16987777422829,0.475086801202813,-0.038139187969098,-0.158885056956489,0.0821275533292,-0.280383313112579,-0.0766042352021548,-0.166039264263269,-0.0981089740495103,1.03896250480297,0.038556335831775,0.140036809850603,-0.198653005346756,-0.00179011468465795,0.0438362067789333,-0.155049246885609,-0.0804310703046268,-0.106103310567967,0.00791793218331687,-0.220069887139353,-0.0542768984407292,0.195303011850385,-0.129570318243889,0.222414424246181,-0.173583721946282,0.162133205133295,0.137308722965579,0.321604061857873,0.0289334532660252,0.413400207369389,-0.0275235425405828,0.483816184938765,-0.0376888546710907,-0.31539584741538,0.0198401176224906,0.174675372831607,0.0239945826801738,-0.0449134903761198,-0.0394516021007985,0.0138143016454812,0.00854956990229863,-0.261163822696862,-0.0559155361766098,-0.0286793509954461,0.0406683363613651
0.452078506489956,0.0696118475344484,0.845602348051419,0.108418848759452,0.437880778547506,-0.0886628902063064,0.546292525305867,0.159936465157707,0.419678976669724,-0.0644926216279125,0.0205621304356222,0.0670111524516617,-0.359688800718077,0.167507067517098,0.347964476162759,-0.0093084111581219,0.0869177306202982,-0.204162287369538,-0.00327504286531852,-0.113697432957664,0.431451878779303,0.0969469601947202,-0.654624325982858,-0.0279009483251899,-0.0475693721177137,0.0813092747998446,0.177843086364747,0.0310609045421144,0.0966578316549692,0.0450343914373602,-0.19114442766529,0.0292948279406768,-0.174983906076299,-0.0992979882130797,-0.447382981844218,0.00211170440663583,0.0926267739217441,0.0639369232091341,-0.10423010058038,-0.0219649680985005,-0.355936569578442,0.00321585962855954,0.58713821429349,-0.0925639396532531,0.564063151722254,0.0722843278624237,0.0209371287872417,-0.0457724341062307,0.363849436373436,-0.0507634292657997,-0.376070068459767,-0.0467711180743429,-0.457190255173918,-0.0352975119324639,0.192330102707621,0.112461617045415,0.272804329464647,0.144560893938516,-0.0598485156762518,-0.0781257238445825,0.473983550193911,-0.0340261118287466,-0.671172826147227,-0.216292263663008,0.496319401832949,0.0600273946912213,-0.128309184645807,-0.0601221500925529,0.0827877587416858,0.145015519451968,0.480748960339606,0.0179990909912071,0.38237877343373,-0.0283457915517852,0.343544975251391,-0.0223023081718241,0.351276141565244,0.141100902129228,0.185909416363743,0.00470238612816773,0.232093010015612,-0.00371550738897691,0.187193206589198,0.108628604292154,-0.487556602896732,0.024893317763018,0.0667834283203723,-0.227635585569316,0.666470683525472,0.0866399805003261,-0.568127781596379,-0.0847459361701761,-0.52151469834801,0.055223061028572,0.454832668831346,-0.114144819123798,0.00276216152736577,0.0425050024043448,0.350028294902837,-0.0465293378319737,-0.270942758736729,0.0390914235171399,-0.293685499341101,-0.128384721401373,-0.344305483675106,-0.0515681447753442,0.0570758322809163,0.130176917161566,-1.4069588609355,-0.0747649227568694,0.337894932492299,0.0349803373852403,-0.441252385866297,0.0267951354634565,-0.165553224342356,0.103997236834283,0.700052116772682,-0.0353571111941233,-0.0695941651096889,-0.0139806654644606,0.553823575976561,-0.199082877206551,-0.306617765808863,0.0602121034759466,0.151739496254226,-0.0640009997727711,-0.314782619683727,-0.154634059732392,-0.387879110055495,-0.0537825564862355,-0.306961687483652,0.0170853801704899,0.285219037419901,-0.0431326538102239,0.269471849440963,0.0363505899567755,0.247508627054075,-0.0319751254600959,0.074003939801876,-0.0535424343394787,-1.02744177536359,0.116938907616843,-0.355403748907136,0.0395752233891365,0.112977189344548,0.0764798423031587,0.828324277882574,-0.0156461320064212,-0.548793170617934,-0.0623676446437261,-0.117651405344024,0.0713480420217777,1.08616379318416,0.267244515426079,-0.385207745830031,-0.175378310342746,0.626239785296878,-0.00987223316810495,-0.281398748702624,0.0684909836378177,-0.325604358546295,-0.0856072160609241,-0.066979644027931,-0.0984835639045955,1.06197031720422,0.0862066291532098,0.58724688196347,-0.178270329105368,-0.194251725035173,0.0405657629804901,-0.0748634528356163,-0.0804803670680947,-0.116858402877495,0.00181439140502974,-0.256271272605953,-0.0630252359799998,0.183146534453096,-0.112899867326947,0.303149505757119,-0.152548385527679,0.0218306058537935,0.135888920024963,0.00201257023904893,0.0424793323701201,0.450967884134288,-0.00533820327987828,0.644680156149718,-0.0101961344282744,-0.402717012808009,0.00421163309849712,0.0516773237220383,0.0307806975785112,-0.169862239318721,-0.0398247454007668,0.0443420477791503,0.0097927001031134,-0.224581400527182,-0.0647295203752283,0.216557721081716,0.0396562502371079
0.62755942222945,0.0866775914675304,0.703877349584558,0.145292565834987,0.395105817811909,-0.0618666237518061,0.453698567256348,0.175948691985999,0.437161209956013,-0.0409973768762998,-0.261576760437751,0.0620728809310557,-0.447804713757521,0.137959913317128,0.430663290464704,0.0091190181171404,0.27241682781049,-0.189664700072813,0.226768878972401,-0.10592235883583,0.366114306163687,0.111737141878743,-0.477485306775918,-0.0596127473827844,-0.107256062219424,0.072789603069975,0.117538311382809,0.0372952317976757,-0.0245412761084819,0.0465015270363082,-0.419816925354885,0.015353960321576,-0.134815976667253,-0.102594376267188,-0.384516286309009,-0.0158690030308148,0.0672363375216706,0.0643429861355099,-0.0473523802118852,-0.0254789251691698,-0.495658729304977,-0.0175415869208942,0.622160386910702,-0.0589729782875724,0.546319391738737,0.0962762810504077,0.131083645850888,-0.0421099880631503,0.496026440793062,-0.0294925905912012,-0.408878167245849,-0.0628864823157115,-0.425571604415295,-0.0558915379596515,0.182671804261796,0.115815025210083,0.278440839184789,0.148394097082991,0.00427263222547261,-0.0748276667887269,0.424900187789026,-0.0106896399416859,-0.61878534541014,-0.235336097828898,0.489175039733081,0.0786532914442229,-0.0523392661767081,-0.0613546242116246,-0.168005676067815,0.140200020474664,0.530608740170048,0.0418406055068787,0.379541713248952,-0.00883932418155354,0.335883674978467,-0.00730489287825856,0.240361160472746,0.151098082432713,0.183835843978106,0.0120687382502372,-0.0675251434789181,0.00781092532961478,-0.159071287037373,0.114997039262801,-0.352747828401241,1.04564290138124e-05,0.0936436536534573,-0.209155343751748,0.607027068626166,0.112036306577512,-0.492377051021748,-0.108917861148239,-0.472508867967137,0.0266034231597289,0.590552012464825,-0.0863542448761125,-0.0129007912415091,0.0401280058965818,0.0646255059584726,-0.026676149284161,-0.20426147426241,0.0231665194453418,-0.0880310439455666,-0.135654577633347,-0.380765617401908,-0.0668479844248742,0.0265729801897086,0.125583772353321,-1.50907695127526,-0.136927369255087,0.327824767417973,0.0498259643368719,-0.352903830381213,0.00154503536659608,-0.308761476039071,0.0890996597843684,0.732270365058028,-0.00190520889907676,-0.0331293051322164,-0.0177801292933861,0.774707933249317,-0.160142021805758,-0.472133876933019,0.0435915724834593,0.426863965871981,-0.0518401529412196,-0.0432343237654213,-0.1615938796833,-0.30023149271944,-0.0693919871340561,-0.247774152774279,-0.000910005959520585,0.295819222647131,-0.0277195724286919,0.216873094654969,0.0490347421398649,0.402352721791957,-0.0135313394033076,0.127182632648889,-0.0478521507410449,-1.29412997995018,0.0641441164675322,-0.368222090514388,0.0177117334574858,-0.0531651556191303,0.078960586589743,0.667482125203605,0.025090047256049,-0.371800776612708,-0.0845857541941156,-0.292326394619141,0.0601152991660802,0.780251918882122,0.303443288446749,-0.0549496252926654,-0.183723504598238,0.505441041822885,0.0211482563381893,-0.335713711697482,0.0521336925971799,-0.256977844985036,-0.0987374348352773,-0.0678739228403621,-0.0983260595090432,0.864373174557849,0.135745822178355,0.673156300664621,-0.138366959126668,-0.172279917573339,0.0302280113866477,0.0620340929686459,-0.0810011716495436,-0.170882773265981,-0.00463493459269766,-0.121663810764172,-0.0744757667971197,0.192674114644119,-0.098659631219382,0.328442251585312,-0.129029772442741,0.0281777695436641,0.127481718310415,0.0189506900861452,0.0421944148812794,0.391226144397738,0.0179488116809248,0.883278577774779,0.0235325171861287,-0.547995756441902,-0.0170934351637215,0.0267256512483441,0.0296425510812857,-0.142689877414775,-0.0444271902804153,0.197925548743537,0.0122623202414943,0.0228868060059686,-0.0716576335266211,0.132827829151701,0.0475865681748926
0.539157058576133,0.109842801786745,0.739638132120268,0.170473691507054,0.5141606804248,-0.0386472063497938,0.364264436155984,0.185588894407326,0.498229905883571,-0.0209283620872131,-0.309630979285433,0.0441428795317105,-0.512482506358206,0.107446303640828,0.252895486808855,0.0293609648536047,0.198781477178676,-0.166477400354573,0.367953386754328,-0.0877926721070264,0.128988668195425,0.124614467262652,-0.297563357311901,-0.0804880832797707,-0.145034341647391,0.0625861804278689,0.0526385563867644,0.040812411696363,0.0538951598842992,0.0444493516619965,-0.545866632672121,-0.00662681917422597,-0.111553183284969,-0.104237656042019,-0.360986546383958,-0.033254791998774,0.225836162813624,0.0665376109901151,0.0140702558158259,-0.0263383805944403,-0.394447178176732,-0.0386221720786497,0.484944034729013,-0.0236467182550289,0.628141393249512,0.117433194739475,0.131776678147063,-0.0323131619911387,0.515755796209821,-0.00377639569712227,-0.423776724974729,-0.0776178333555774,-0.386838253746676,-0.0758835844729846,0.0183220162829089,0.115483929298775,0.387814436672905,0.152567871481335,0.108815590591409,-0.0698785650898851,0.431720193153878,0.00942876018803551,-0.300837038568206,-0.254135241877406,0.388423309927545,0.0953813551817469,-0.00505794157041906,-0.0617540979724796,-0.37794315282569,0.122023700273393,0.548679985215382,0.0669778595802609,0.220230269382028,0.0108593954968037,0.489697118571238,0.0116387146450509,0.184938038586097,0.152647454488271,0.160167114200184,0.0169164256077654,0.125199964320572,0.00286807214514207,-0.353655931432352,0.101483743947726,-0.239856506362848,-0.0192067231178111,0.0969313128858392,-0.193377250325862,0.485285245657701,0.136183710385435,-0.543974397781668,-0.127661376714262,-0.502240208622615,0.000884152634241087,0.777556410782089,-0.0541683981653987,-0.15024028529493,0.0392639082868634,0.10953358364358,-0.0233639477958254,-0.169011887480225,0.0138830550239982,0.0731240517636086,-0.133174974273594,-0.197714445395119,-0.0805740450911518,0.0147952569757627,0.116741590374613,-1.16809222768518,-0.199766585658247,0.34392267792879,0.0627334400876419,-0.521976315869855,-0.0152653606424716,-0.339764943764462,0.071250102295341,0.702092092278187,0.0342896984594112,-0.0464174650392475,-0.0164935231771054,0.921151111239687,-0.112314005802319,-0.536660684015606,0.0192787844355271,0.718108081370193,-0.0270779049513797,0.154217358191936,-0.152747545867919,-0.255861636380832,-0.078611022432817,-0.34224878480126,-0.0139482194351141,0.342630921585778,-0.0139349655503663,0.22642271916587,0.0578091714117313,0.332593025650529,0.00653043176205028,0.238538481989408,-0.0378418752721739,-1.47625696036903,-0.00216331005150995,-0.358843943217777,-0.00203022009958672,-0.00878196579314332,0.0754939250484195,0.727158448252357,0.055644634303567,-0.324387704179393,-0.0984163648339422,-0.111446356743566,0.0421806714133575,0.622615191934533,0.321805700560122,0.0164420645460255,-0.176747652999762,0.69137010344891,0.0455883301020388,-0.359517686256767,0.031115509648015,-0.0975437869606146,-0.107375372993606,-0.090291154090245,-0.0955017134733788,0.612178877326097,0.170579989791312,0.965856073447744,-0.0982147907632869,-0.00565003426693366,0.0200794854610399,0.103021722883224,-0.0738816346585688,0.0128671409406023,-0.0131726571112495,-0.0145929327283897,-0.0757943145899612,0.307255226224567,-0.0829908911228762,0.513574641858532,-0.104952626136852,0.0739872731675377,0.120768769603749,-0.177299497176361,0.0427096119243328,0.533062069457711,0.0341532917729296,0.967702100788678,0.0661120140787671,-0.580911609043041,-0.045106090805837,0.0675319840276363,0.0303107448940842,-0.277738042323497,-0.0480757427186634,0.116934906034298,0.0215765025437338,0.17822014791691,-0.0684849775853475,0.0684886507644869,0.0525544008001248
0.415076586394593,0.129805999342812,0.664487387682136,0.195412737603738,0.447572032696116,-0.0112721021055557,0.353406092901731,0.193094215140244,0.578040429996431,0.00388906214206729,-0.453732776637522,0.0274015545488293,-0.429414922892794,0.0775033985914643,0.095534267124899,0.0408374430844161,0.39492000577416,-0.148155126870512,0.235287687939223,-0.064140163431725,0.0102688660682175,0.122699035928694,-0.152465314563652,-0.0910030389235243,-0.0103970723790305,0.050703363266376,0.11597503246918,0.0407116025253277,0.0187440792065121,0.0452551228942711,-0.422881537647513,-0.0329978948787503,-0.0487825122671856,-0.103005145757641,-0.314456964166631,-0.04864765555379,0.161281753416849,0.0770036612978256,0.0389925744288074,-0.0251179572223982,-0.50226387732485,-0.0545994882702388,0.417822270688222,0.00101782326369284,0.336410977832967,0.141561665233024,0.0484818313921753,-0.021161470182563,0.414155286591337,0.0191917224718669,-0.491588016480865,-0.0924258427230172,-0.126901855192975,-0.0922897203131557,-0.121031126088145,0.109810256902636,0.166824565153499,0.162574199104683,0.0951902923023703,-0.0606493246880711,0.475501361301494,0.0319597529403944,-0.151482159845072,-0.25440539011349,0.371028317667988,0.109810687812739,0.00844493367729329,-0.0579310195151801,-0.341673881261664,0.0958778315524141,0.458074821761113,0.0915631152171466,0.136130607520626,0.0190715030568426,0.657096094480516,0.0344079223280205,-0.115105282732591,0.154362048696856,0.158932876012878,0.0254010813109336,0.0934766954316009,0.00832402728398885,-0.444380413053408,0.0817285562248156,-0.263811665871507,-0.0286883488966858,0.269285045479297,-0.179220884340168,0.528243597558885,0.151459560420234,-0.541593970977642,-0.14462810933242,-0.424679442830104,-0.0266363444979536,0.840548373064247,-0.0115597247166453,-0.350205377651982,0.0275638795812874,0.316222680310319,-0.0160341517882867,-0.112918555540594,0.00496837439759522,0.14987746906401,-0.120933709078192,-0.0592574121201792,-0.0876423751296858,-0.0499686239808397,0.108188310798003,-1.19344642115227,-0.245556484523547,0.225927736153022,0.0746181027470382,-0.69908993494959,-0.0409444794806218,-0.412813678750059,0.0491511094616737,0.620046357378516,0.0653309128882661,-0.049718110988361,-0.0177333100435389,1.07857763379765,-0.0588931946798136,-0.342627470205365,-0.00412907312521295,0.521290049663434,0.00889895401380753,0.149738125628637,-0.138475157644597,-0.136108025049398,-0.0829219126996076,-0.293241226735249,-0.0276826570284152,0.0983130064587136,0.00267819157563494,0.214486551227931,0.0667456837660139,0.355355321709926,0.022724445967864,0.318538694837804,-0.0243627464993044,-1.31526948349151,-0.0750975017755454,-0.300810254670879,-0.0184653365887402,-0.0905080179623059,0.0713314471763837,0.602267548103958,0.0871686984685706,-0.242598995270313,-0.109723921022408,-0.373815500387687,0.0358290577129577,0.490601208060543,0.333307628185521,0.204681797124603,-0.163896063248864,0.637014323842722,0.076739518852966,-0.32348352966788,0.0124851875861127,-0.099356304324111,-0.106340228321873,-0.149550141461552,-0.0940765819932873,0.435443926336076,0.191131374626903,1.16212812208106,-0.0458121945947668,-0.137898207152917,0.0162805643311016,-0.0622004877714767,-0.0624755189117485,0.0444588485095917,-0.0123980002654982,0.123675965382421,-0.0723285773534823,0.356765220102512,-0.0611920207807375,0.497253990178393,-0.0728503423408146,-0.173455891524403,0.116529930332628,-0.165391894316655,0.0318170478559007,0.534905153194552,0.0577110029683572,0.795847919625993,0.107971401504615,-0.417787659822478,-0.0717133219248373,-0.0791189060851581,0.0338311358934285,-0.148146863335222,-0.0591348090371436,-0.0506825828445342,0.0255845954024879,0.100020366009931,-0.0532566831038555,0.227029063641813,0.0523236367409741
0.259297199470908,0.140978586816753,0.422092656477815,0.21558127177594,0.52265552798889,0.0096884417490481,0.321548130246692,0.19882749367601,0.539700244543356,0.0317398073381187,-0.605176415188437,0.00280987991417619,-0.186201515846911,0.0507871441463893,0.167637678509491,0.0441599738500553,0.391866040992441,-0.119715286787859,0.205777189541493,-0.0465855533511911,-0.166563213592624,0.11508531951283,-0.229385885084261,-0.0911847817828248,0.115891246693091,0.0466831488555234,0.306750613731613,0.042588338462609,-0.0130039428111082,0.0459460334411317,-0.333175247655179,-0.0506664814344273,0.00136385974833836,-0.0998306100105269,-0.499346609919269,-0.0631734895382041,0.226504255551809,0.0796843490916546,0.0276622423826418,-0.0204933888996987,-0.56463380018528,-0.0757770017645795,0.54447615686763,0.0231777686654411,0.357519511811853,0.150266274675476,0.289084622667903,-0.0170123357842845,0.429807656645759,0.0359872363523683,-0.584972545882291,-0.112133384457398,-0.165758399775793,-0.0931027270160111,-0.0505337045067341,0.0999717452754696,0.0387649889111555,0.161006114551135,0.28251956453166,-0.052225784870926,0.369202973248089,0.0553039032618053,0.121185842095953,-0.248414840238591,0.163508403041647,0.123585155242596,-0.0531741226820878,-0.0550690715210756,-0.251584108900154,0.0710348463517664,0.230602785633624,0.109109830798749,0.138303374469603,0.0274637629159509,0.413995942349945,0.0640163454356109,-0.236240273668322,0.140963670371056,0.3194106695195,0.0337697434180143,0.199833929163002,0.0127824518509791,-0.430859223069051,0.0562779540660555,-0.0294330850244077,-0.0428487798840566,0.563657680401491,-0.153684608036437,0.368194877580945,0.167638591070005,-0.403713442916169,-0.159743996969079,-0.135036046142026,-0.0452631880126749,0.919994337009806,0.0283442942369096,-0.456455460991078,0.0063109394684586,0.438286110091548,0.000872503627225418,0.0239788152094589,0.00108835885842776,0.239962045172461,-0.105368388343106,-0.000236307116352925,-0.0840103716517315,-0.0306706902096565,0.0987320093717818,-0.883636233267668,-0.289090958303966,0.0196402489723981,0.0787043171897088,-0.661654060597342,-0.0730384041563657,-0.385674232709142,0.0265980590886256,0.609440428687708,0.091417733652425,-0.0591145490609208,-0.0205567960077721,0.842434657685627,-0.00321370355339727,-0.359548790311334,-0.0217119940736351,0.594514565340071,0.0322152676915395,0.402973404853181,-0.122078640597844,-0.122933505840171,-0.0855604943547972,-0.197243431664088,-0.0418002097040406,0.102872475039811,0.0105935335619899,0.271418351127241,0.0759801103175649,0.118937539307576,0.0376325403283452,0.430363954876456,-0.00745643612782084,-1.13507089358812,-0.135181689318385,-0.293371358940972,-0.0301367701411714,-0.243247293868456,0.062425354318011,0.542285340438511,0.111105940380094,-0.0197569382939507,-0.114555211175091,-0.456829113034083,0.0182470125372461,0.193110923327032,0.339070219631897,0.571117927600717,-0.14482774078351,0.675071386194122,0.10233249389387,-0.276008060940181,-0.0052166153768536,-0.0742246776817307,-0.104013083732378,0.0851534052122437,-0.0954864815340804,0.274543948791156,0.200534793842556,1.15842485951258,0.0147331207098345,-0.206280959674612,0.00957800210392949,-0.181787011150248,-0.062779126292517,0.150092925168014,-0.011148067043011,0.123080179226175,-0.0628070075207131,0.22705437624625,-0.0417723413715041,0.541005536482781,-0.0450367878022274,-0.235249150171033,0.101544912117536,-0.341693639745646,0.0209575163138457,0.474292277762717,0.0804005779758525,0.54253729467918,0.140155421407201,-0.598909004371011,-0.0868936449685077,0.0662127136335135,0.0294653568722618,0.144374911033077,-0.0604348417695394,-0.170609234624368,0.0215706993270545,0.235646407027513,-0.0436216223796122,0.0829624303279835,0.0593553266720935
0.247295578153963,0.145474037488927,0.196661901422785,0.226023963471569,0.679382582702763,0.0332008793213526,0.256642575266519,0.203149246318401,0.491547040907305,0.0561378925429703,-0.593318086819108,-0.0251590775790335,-0.242661652745697,0.0389634267507268,-0.194911342677596,0.050428897073516,0.645450704595059,-0.0900585974916362,0.0984767217743198,-0.034518430033292,-0.279969434629719,0.101168274351908,-0.364164911189221,-0.098120569697799,0.135913617965344,0.048093286032801,0.276664117783801,0.0554034896450182,0.0187763397603274,0.0445397546424371,-0.305032529087207,-0.0628698945205702,0.0666163496028172,-0.0930154186306774,-0.530065087835394,-0.0821807857499654,0.277873817628651,0.0862495414042174,-0.0321201337390144,-0.016186149096881,-0.473671045226727,-0.0994228503177901,0.578364143414439,0.0462582142026787,0.387087171197026,0.157478298849685,0.280550818906336,-0.00209864913021043,0.569174700569469,0.0534596039578764,-0.540825014326021,-0.133098422335948,-0.00484571865309758,-0.0978936496389668,0.133030355524979,0.0912669591786377,-0.285408100496687,0.154186153269882,0.273850528656303,-0.0355582302888078,0.296467175119357,0.0695807693819186,0.493695275187442,-0.229031813070843,0.316879475963476,0.127012783125374,-0.0654199592294716,-0.0546179491687913,-0.486265644406607,0.0551569509468511,0.354565326237662,0.113022897732213,0.340227156158286,0.0308738707659748,0.283652859853679,0.0837302393424372,-0.381838614837027,0.120340748978856,0.192175682362218,0.0476816487704559,0.0650225068041374,0.0222591447828564,-0.464154050741775,0.0317176847774929,-0.21670173036962,-0.0439694591338989,0.714852740040992,-0.119520734283588,0.310500480191553,0.174040786324801,-0.240784763224347,-0.172378102768322,-0.0240386549989239,-0.0498346121838288,1.07096148575374,0.0698375212759357,-0.461345150238278,-0.0179691343862247,0.371685774230939,0.0227314393261687,0.156836449700993,-0.00018407768507939,0.338212714655678,-0.0869241404568302,0.0316558029021027,-0.079664224747419,-0.0729771611460609,0.0941535427432136,-0.621097063350176,-0.312702005385726,-0.0768235199299607,0.0716640154815801,-0.529715988498519,-0.101215794118509,-0.308508635041244,0.00279726268868175,0.71233531604149,0.11392781511491,-0.197122278359763,-0.0231076060472926,0.789734528935277,0.0360596897569985,-0.286036175511619,-0.0380340590402681,0.438326443532984,0.0618802822911341,0.432213096454735,-0.0959962575384801,0.144021225513361,-0.0890568715496828,-0.146984197565683,-0.0483973713446894,0.0359214713370559,0.0145469507185291,0.227708743231407,0.0840455170405276,0.124216674877405,0.0410548244720971,0.306276568777166,0.0133934598128131,-0.979941105276405,-0.18513953176162,-0.225155685722933,-0.0420789917167816,-0.227123689417003,0.0501341375604112,0.473245981992942,0.131279707054005,0.139323909392931,-0.108104423794414,-0.697045949547106,-0.00632866439512224,-0.196825796257031,0.328712791335355,0.525517327495671,-0.110447712352113,0.72066967081568,0.130149549006028,-0.269059353756341,-0.0152958733851003,0.0787491055245672,-0.102942576989238,0.179277356648383,-0.0872487044542987,0.113494550378688,0.203348473099071,1.12354433927532,0.0688457787553921,-0.242635808445983,0.000818832774723238,-0.124619284463733,-0.0654483316239425,0.147506374687709,-0.0053494657816009,0.0877310413219377,-0.052257923774441,0.137581332662186,-0.0244377236935851,0.696092802611135,-0.0163119823588837,-0.446609865817982,0.0851860131111944,-0.257134713914435,0.00220129145869669,0.360044212052466,0.100464567474023,0.367424031199172,0.157728246819803,-0.707488466105541,-0.105983137436468,0.0702646870984451,0.0335019036884091,0.235283150196838,-0.0510930779415748,-0.216852578157779,0.0142647421864322,0.495636679089044,-0.0321180169712804,-0.064214991634807,0.0594195483196696
0.124932953795437,0.150190145187007,0.161497333055705,0.223344570936353,0.648693459168301,0.0635455175629198,0.286133721651374,0.204812867181604,0.37616750899591,0.0765535820482531,-0.455708599508832,-0.0535557552535426,-0.364363098531063,0.0251734518105594,-0.267808318149268,0.0366220075406956,0.675456640346922,-0.0549724941915217,0.064324935405606,-0.0318073192827006,-0.403696036816685,0.082183225436936,-0.366799287029266,-0.110821759450672,0.112957122996166,0.0521908502566283,0.239896234368024,0.0656384284792745,-0.198173523300561,0.0403406175741649,-0.283018781976487,-0.0733804845834346,0.176361562359086,-0.0826830565771373,-0.182458230061168,-0.10244756732988,0.23462292648238,0.0920229076390608,0.0969534167259167,-0.0146805762869149,-0.295101706394523,-0.115280776177713,0.802630140736201,0.0714800555402013,0.259973050700864,0.167353329103495,0.302116531883219,0.0122217371239794,0.584891282092048,0.0776360493456636,-0.317350044207529,-0.151163212852133,0.0984812505795353,-0.0930424539518954,0.0295017621932322,0.0920668504441024,-0.437976426819142,0.130236473176931,0.181798054269009,-0.019411493855932,0.271654163885135,0.0812837002982588,0.676685889092584,-0.192807222552913,0.101297811084508,0.135871467985488,-0.0853513209563647,-0.0530609405386459,-0.486230065911062,0.0285305828960754,0.365724057037181,0.121433657724783,0.286068180411488,0.0445050645788727,0.227599737968894,0.0925895274746013,-0.606040638908154,0.0962311992411817,0.0554813674368098,0.0527923080206947,0.0127021345862421,0.0224220470067867,-0.544695999172184,0.00582767086931092,-0.137027274043002,-0.0530198779043107,0.7866414597388,-0.075882567301984,0.0854839711641691,0.179452936421624,0.0581269147176995,-0.175474622392816,0.104946644202694,-0.0473574702638371,1.07224606539452,0.118966191180332,-0.627860183413863,-0.0400493946998497,0.299331420789172,0.0376815774380844,0.0654004983060648,0.00828145067424379,0.43368513752879,-0.0648887361976162,-0.0313233305331364,-0.0730378915283834,-0.0830883294408558,0.0864794423168479,-0.373756800615165,-0.326362658973485,-0.0732439100776785,0.0657350619140688,-0.393661418088358,-0.117951370019153,-0.334048353837661,-0.0104118825763373,0.390430217767116,0.141222517273219,-0.0471717826552089,-0.0314361971409393,0.700510890834577,0.0700004186363805,-0.193998277569349,-0.0483749612454665,0.286507121307741,0.0773512488286862,0.481203892340364,-0.0668653263563265,0.0282799143998895,-0.0772077717085968,-0.0843710110553452,-0.05315850499637,0.0519672431897413,0.016799056557496,0.258043731138106,0.0907115330206331,-0.00592211390353401,0.046987205930215,0.255324876596946,0.0259564325548699,-0.953527753963269,-0.221849771403601,-0.403225403036488,-0.0503234434347442,-0.289537633852974,0.0332969275139075,0.515663574009642,0.146109483267773,0.303862755901153,-0.0936692830915791,-0.646127765230019,-0.0434741048480212,-0.318611494263709,0.299556364840435,0.75325309857409,-0.0803037772785727,0.600867825675088,0.157824322148797,-0.106610828965686,-0.0265550610617543,0.169229396048139,-0.09346952649811,0.305644857596599,-0.0714500363797663,-0.115737306116828,0.198607207831406,1.10787817821823,0.120931550145946,-0.335493979410373,-0.0131837625902748,0.144195244710586,-0.0688245463941119,0.0706803568567684,0.00292628517763275,0.137587571299318,-0.0453321777086554,0.0856437247212139,-0.0162464879721545,0.696813184712407,0.0177161709179721,-0.624710826774843,0.0601280842498033,-0.34564933658969,-0.0119815694725,0.30510376500296,0.113002337365102,0.301672453556934,0.166171330338184,-0.756384126559156,-0.13283309207507,0.0512004556725806,0.0341019357043158,0.26983476650889,-0.0401436456694497,-0.129961143162765,0.00166687890231358,0.599960385693369,-0.00400006242547402,-0.0730086065401372,0.0518473803430261
0.0856132722297312,0.14546929800672,0.140732959546251,0.217559009285007,0.532555901025922,0.0926473463195589,0.132835567746502,0.204527819520403,0.255230462666748,0.0904332351748457,-0.534932576297083,-0.0749466928508303,-0.36047402712707,0.00530437207182525,-0.269725495478107,0.0243311102097243,0.791037779447383,-0.0179457375568765,0.214840366391215,-0.026112667844914,-0.574679217015382,0.0560472995101493,-0.596692162072216,-0.121037019793006,0.0318251474700657,0.0560354172028471,0.257948051305495,0.0722783612818259,-0.222266395699912,0.0293087238700353,-0.283083479415349,-0.0803744091650013,0.249146492849752,-0.0684477114002379,-0.22753330607732,-0.103837767011432,0.363758457712755,0.0979778048299345,0.122231110120568,-0.012702503858594,-0.131913997655511,-0.121919534064349,0.648571001369308,0.107506619216084,0.298028342688985,0.169219061695819,0.215670724851594,0.0254778007822112,0.593008959382323,0.100856244146993,-0.312742092360071,-0.158876217148281,0.217690857678503,-0.0822534697263171,-0.15543546599172,0.0858055633908801,-0.657401567917297,0.103791152224098,0.151107968378879,-0.0101841719658503,0.257275104181269,0.0898685055576363,0.867464445636787,-0.145456843120135,-0.231663507330556,0.131844977335554,0.0856351488244317,-0.0563285112310673,-0.308282212651047,0.00179559914432991,0.449784199834683,0.135667884300156,0.244357966484831,0.0560340037242885,0.161214309693646,0.0948854184047851,-0.535597216936404,0.0622977130993973,-0.0585522940002163,0.0537128804897156,-0.0932917407266543,0.0253828392822131,-0.361003877242987,-0.023782517744189,-0.116596183842196,-0.0547097294861675,1.01275957992344,-0.0327578392840714,-0.112189123687646,0.173810229775702,0.217280159593879,-0.163056486916729,0.137475832273685,-0.039787800999876,0.931189366338434,0.16444961866419,-0.555203816159059,-0.0659208685740656,0.260678682678937,0.0482553365318392,-0.115781716496535,0.0146487941722242,0.468061982879048,-0.0403545282439047,0.00415746740663529,-0.0704804416087697,-0.254640973150252,0.0779108876102707,-0.119528197926612,-0.32239906228532,-0.032644901889043,0.0588783679227381,-0.124263833288052,-0.132283584280057,-0.434823883902636,-0.027193947734904,0.193854013472895,0.151218772503092,0.177073805710089,-0.0314320533608543,0.642646802736185,0.101266880846869,-0.227629990434592,-0.0555686834589924,0.239974597439716,0.0861895070770715,0.514194339761897,-0.0389127951274845,0.0486236599387901,-0.0701179141807715,-0.0585264344213053,-0.0547358921301709,0.222835000927376,0.0208456358686013,0.222606752245576,0.0978134882835185,-0.160312633168058,0.0437138394465504,0.483663241378285,0.0375209494486521,-0.713197747678674,-0.256791408774878,-0.314421616534709,-0.0687179247811981,-0.362141921261193,0.0165565131327518,0.222236250788291,0.16444119268029,0.445439261854079,-0.0720516560901049,-0.725556846763457,-0.0694567495050074,-0.545071744930752,0.265111338549546,0.848633031396437,-0.0372948392293902,0.566467735409108,0.175765853055489,-0.302598179561194,-0.0277199853672618,0.155436844553401,-0.0787890645192468,0.332879283747129,-0.0515468117196169,-0.263315333590305,0.184557353159637,0.849000267384354,0.170041193577883,-0.307150854717192,-0.0298154044719627,0.0934022303474132,-0.0583775195174841,-0.153561152419505,0.00437007109093,0.382663046715754,-0.0369458444409721,0.195069550955807,-0.0105397467440734,0.647758434160962,0.0513358766808217,-0.575784867732187,0.0275377755862345,-0.300428590167937,-0.0273950426275946,0.21629312759847,0.119782295418128,0.0864249412728254,0.170670937262613,-0.479703846999239,-0.159607039830703,0.118506226052058,0.0344370734258797,0.373712677311518,-0.0265054154873593,-0.0860218175348054,-0.00367175418473145,0.591196331150804,0.0251034899860283,-0.0688526194594039,0.0486134643135766
0.0245923010096783,0.142547622436907,-0.145925495621879,0.20976699820208,0.200731076320136,0.114213396753594,0.0159031532316681,0.19752020696175,0.219393335349347,0.0960530377957835,-0.539704391134932,-0.0991591080867381,-0.409026552761679,-0.0114572337893571,-0.34221436830418,0.0112685951637224,0.988433644964455,0.0191786768031111,0.323094343951004,-0.0133102666668377,-0.436654436210099,0.0261276246802231,-0.335987438720114,-0.145030496835277,0.0748289214734433,0.0547339992553222,0.0988195037344377,0.0792818022366795,-0.276231995706962,0.0150136291497476,-0.308253410500978,-0.0895605450212582,0.30732506146573,-0.0528588680446562,-0.191221733276557,-0.108799197596202,0.435411820294681,0.111031695168221,0.225920359287346,-0.0055928712765265,-0.050360045703022,-0.119882487501644,0.33323573728897,0.128923808998047,0.251349659302997,0.173895907044207,0.0999087582886217,0.0358900747035676,0.47162300742628,0.121970111930403,-0.16791492936601,-0.163005071010935,0.316310643324708,-0.0693248937778803,-0.132177538387848,0.0734495974739243,-0.599260381079787,0.0634977082440653,0.287238803783665,-0.0019944772879865,0.278948430864496,0.0997982839470158,1.01933475707293,-0.0943250975373172,-0.15568727801527,0.113772574019111,0.116030658505116,-0.0507272916404351,-0.397046823672006,-0.0128241264423735,0.29688681442538,0.14722592284658,0.179485283707662,0.0646284744456318,0.210127022478448,0.0960048912051536,-0.672474641051198,0.0336700512123534,-0.253473801220043,0.0480074300546971,-0.188208366379553,0.0199199681946666,-0.417002988948637,-0.0374365978493432,-0.120288330116163,-0.0585089639627439,0.894872629878236,0.016629269835133,-0.168411151912579,0.160105009444738,0.460937182119024,-0.143870669394102,0.137374003878297,-0.0306611210557482,0.617691530746117,0.199043088819752,-0.441131030886427,-0.0894762313931016,0.297310679338481,0.0573708871849274,-0.260251515202651,0.00817310492413299,0.491436443293701,-0.0154726869210862,0.0491064304609858,-0.0657874155038334,-0.170238509312538,0.0609681353385318,-0.112155283803057,-0.306902680176341,-0.0664342293783841,0.053919779756148,-0.0411507726491493,-0.130507949309918,-0.392357309063382,-0.0451558841052481,0.0711101830622417,0.151957079759467,0.296396796681263,-0.0204652956261154,0.45984723492674,0.126854315570448,-0.35898659046336,-0.0633554687107763,0.409796782251891,0.0925038668082243,0.676262282040117,-0.0132182247147951,0.101480948032997,-0.0634889416618625,0.0700157234010687,-0.0554693565211399,0.372587407250012,0.0304133736071177,0.137838664171309,0.104212195355824,-0.379558765696884,0.0321376235903593,0.375526435524,0.0564023921259318,-0.36846601079761,-0.277572657624442,-0.249653438378308,-0.0802009731320899,-0.339249378654733,-0.0016166839041711,0.253825815431308,0.163880860998291,0.421604234376081,-0.045770661640293,-0.642328456711732,-0.101651366974546,-0.713835864964374,0.223952650234766,1.00526997236927,0.00514010976122888,0.229995220661509,0.192834475044577,-0.308520023906927,-0.0426966846506016,0.222995786911463,-0.0654069796093433,0.480243017293739,-0.0293411722150624,-0.378799124789175,0.160755468856763,0.684753619734976,0.203230487293191,-0.362801035798803,-0.0424794983374059,0.198259327213897,-0.0493318129147053,-0.156420479831672,-0.0035869616546565,0.364016237097971,-0.0188864122580757,0.0187872344565963,-0.000655843611675121,0.583238168276098,0.0785811708957867,-0.719470809253955,-0.00275548665566617,-0.395626611082168,-0.0401274447156508,-0.0885506368550052,0.123464125352403,-0.0337147423953503,0.164368662937981,-0.183217588767615,-0.175615358692616,0.190816866381393,0.0359931279031985,0.339224669311925,-0.00424883702573708,-0.049124118110055,-0.00740616268443792,0.526858532206046,0.0534112783974201,-0.044250484182016,0.045345019610286
-0.245168422691181,0.137342390757983,-0.398010723832229,0.188954351952165,0.116902505944978,0.118287266085159,-0.118582884772099,0.18871378432741,0.145622148171904,0.10121676002808,-0.584486362666831,-0.120406294221584,-0.501901632327204,-0.0268125279073305,-0.360066985108351,-0.00727081880460402,1.05751492896783,0.0648248778609638,0.292749059401863,0.00323725307556436,-0.271913068259928,0.00331740552124445,-0.230567417943269,-0.153274216786597,0.0965465262576404,0.0559244290436096,0.0494188100878587,0.0782196477680887,-0.285793836467101,-0.000706714585920306,0.0142932938811596,-0.100866052587517,0.162078301836861,-0.0370523970693803,-0.0619895507995556,-0.110587566938988,0.137836001908818,0.127043364042661,0.346944640548924,0.004511847810262,0.125949385895128,-0.116447937522538,0.215725486826169,0.138762953204783,0.00182197869893445,0.176560328357646,0.026554909325064,0.0396504601471795,0.124111062405741,0.134457773162856,0.027316830279766,-0.161558424540288,0.239918857373841,-0.049594662341712,-0.0976730607349859,0.0640503969966484,-0.806516955707809,0.0286438009781593,0.291095770443195,0.0103868485375764,0.284252278584878,0.105952647523066,0.978015969584591,-0.0378717175225816,-0.170403553970735,0.101926015451461,0.0946093962753304,-0.0441569594484323,-0.531796658061307,-0.0312870990469433,0.0655239763296714,0.153605712194702,0.165619892029649,0.0689633560943812,0.0946906567995345,0.0999599603583705,-0.375108018835938,-0.00103467515779961,-0.102064388429715,0.0337111766616263,-0.199999215963639,0.00746316208046594,-0.477575057913248,-0.0563751705909607,0.0948103593072705,-0.0615212700670232,0.806851796450109,0.0580776413675721,-0.293529991325223,0.141974127714011,0.736301157611874,-0.112276228498813,0.206804241639137,-0.0201380381830207,0.273283578417184,0.21510484315068,-0.619573084948762,-0.106229757402707,0.259001616566682,0.0681336002561806,-0.366311743787089,-0.00448349775626499,0.571551487755998,0.00851289701440995,0.138702484016036,-0.0590615953820321,-0.199653740324423,0.0480140124645111,0.158267791249267,-0.293534100660121,-0.129536858635697,0.0472162725307704,0.0502285230052618,-0.125122117864613,-0.32593411107567,-0.061369066307728,0.0342529411582866,0.148324049085869,0.0545177908188116,-0.00425956785703627,0.225128490238034,0.141613339636092,-0.0669634729930903,-0.0771062862641299,0.225745398840639,0.107052453884951,0.670789319529804,0.020773199438369,0.0433217012496032,-0.0534229255222891,-0.00948984300746286,-0.0486665205915867,0.657209398554065,0.0440169177256605,0.0168469948994758,0.103870369208888,-0.261492119940518,0.0124887961251015,0.33262677774634,0.0725113958270867,-0.227105738386819,-0.281152027352973,-0.0998270998084212,-0.0869195080574196,-0.509749985436669,-0.0199788680994263,0.0148060544024664,0.166052364969286,0.44243624444371,-0.0245558298957753,-0.675218834560286,-0.125365862203342,-0.750905972574718,0.175211637306658,1.23109810380956,0.0537915454882749,0.148081354035949,0.195605673422048,-0.238985314124713,-0.0564831890227107,0.168841763850259,-0.0487039531304418,0.586849222666773,-0.0025979994534661,-0.440653472008839,0.134447971869829,0.581902115838759,0.225114494698836,-0.423440991539569,-0.0584791591028495,0.228078893902846,-0.0399610929843417,-0.271042915134854,-0.0116287140739287,0.365462059135415,0.00181121890248632,0.125648378344852,0.000195922514435653,0.449236583433909,0.102731624555786,-0.601774963044007,-0.0371672731822623,-0.515996485421986,-0.0590123085077039,-0.197777165318621,0.107926281615383,-0.260692812449069,0.151521946441573,-0.17171697878973,-0.171031025919544,0.265518832834482,0.0451644323176805,0.530723454593525,0.013612624940458,-0.0804130729226514,-0.00714999907470253,0.282165210784179,0.0771225896387611,-0.038680510530368,0.040031214173281
-0.440657151902987,0.115108651533332,-0.682343401964828,0.159049429438071,0.0297672487557446,0.115318665792221,-0.489526230075214,0.170781464398713,-0.0599190470842643,0.102409085833264,-0.655160877595384,-0.143887440252995,-0.346338835562444,-0.0509773885551167,-0.329020950235774,-0.0235303980451918,1.10647714285544,0.115870932280874,0.094767148639616,0.0147727710897644,-0.454783610195793,-0.0106066526852862,-0.216747427844424,-0.154715654262861,-0.0583594659245268,0.0583205923309622,0.021032083367133,0.0747523775486444,-0.324109571186878,-0.0134676692762874,-0.0708189068524678,-0.0946026808611912,0.0426702122065495,-0.0269136294445579,0.200275122638743,-0.108204740157995,0.014688723819394,0.125294319516156,0.501550061435527,0.0200479367485911,0.220991565781168,-0.104007268095863,-0.076494221712395,0.136917996894398,0.058585123975719,0.166261479907714,-0.0175100143208545,0.0366945501509421,-0.112439402141853,0.133389158208251,-0.0395638310171771,-0.14940995638225,0.229951150398399,-0.0334631010085132,-0.250696964001426,0.0584771267056069,-0.941628842604255,-0.010559692643423,0.414749467274277,0.026314889264676,0.13102851338788,0.11471852841133,0.983626098737832,0.0102715348810617,-0.512233271468746,0.0878817979091754,0.0689004235852862,-0.0363301473512312,-0.48114482737057,-0.0555071584722773,-0.144510331434993,0.150371228332669,0.286790202343554,0.0750672299879515,0.0561086853659126,0.0982173930484094,-0.158812481797272,-0.0182343177532161,-0.126671983865556,0.0254407571994968,-0.167926648699251,-0.00387194686809347,-0.606607157878232,-0.0747192748860635,0.143411490367725,-0.0527902778589692,1.02643755004136,0.0954698409374132,-0.324349813515022,0.120599561660642,0.684203280196364,-0.071204381626326,0.209102074993535,-0.00853526994387628,0.106079181998156,0.215108765455742,-0.718190963829224,-0.128025130842311,0.379850301997431,0.0785274786653492,-0.282349617962089,-0.0219192224057107,0.538093851868856,0.0346796083357727,-0.118608397407133,-0.0514118137261309,-0.451679254206097,0.0354796111592775,0.367714577612463,-0.270780420197647,-0.112233954244191,0.0379047847703772,0.138787569397908,-0.115192519384618,-0.0522875190053056,-0.0734355215287164,-0.0771542280217633,0.142075191822019,-0.132528523556114,-0.000849067097763671,0.174199829574796,0.145115576093922,0.190387853191509,-0.0780188143912024,0.172930140376689,0.113369912260241,0.663324181250806,0.0524905305475366,-0.0940667199416824,-0.0479713737473195,0.219405972165892,-0.0447120280462722,0.668214162949248,0.0744158756679681,-0.113961780030246,0.0997937957808202,-0.111306155477548,0.000535538372987863,0.249228709982094,0.082038867838637,0.0689386608171371,-0.27727639215394,0.0307720527543968,-0.0852970031340659,-0.471543277751058,-0.0419289102508173,-0.0389756363967377,0.156823292782979,0.43636328850208,-0.00177028243939141,-0.666429685995153,-0.149501657029932,-0.73517332272561,0.129382357678333,1.18308507823361,0.107455052730516,-0.116148850447598,0.190206480803705,-0.0925968968117497,-0.0660235857144346,0.345743882639515,-0.0352755571503745,0.557842042517429,0.029605859302652,-0.498988253693882,0.108034981620741,0.251132316890088,0.241279559659553,-0.45380214670816,-0.0761124838568908,0.303984021809403,-0.0292638327660525,-0.167980336377526,-0.0260165196792382,0.395315485908013,0.0161183544430971,0.0485688316372206,0.00402841735966193,0.267307479351115,0.118354546362201,-0.516041181338228,-0.0637928669605557,-0.61024009246782,-0.0836575206968117,-0.439923102196965,0.0908409573784028,-0.247479050934902,0.133662160683885,0.136414057035041,-0.168564033141073,0.053025155717171,0.0586214904656214,0.466567470088154,0.0360251117463764,-0.318478472447937,-0.00853042677082864,0.108947901934607,0.0870229466681786,-0.0300169843139464,0.0350600171941218
-0.473289209271223,0.0856985736417444,-0.812507231641147,0.116888131382123,-0.226132029170705,0.111085229492106,-0.436622222756859,0.137874254491395,-0.26575654349349,0.092838168157761,-0.551776571319696,-0.165844885888034,-0.139275845541594,-0.0637175480127908,-0.322712932667928,-0.0406380554296614,0.780353993013247,0.165051740389191,-0.00790957625258466,0.0194084208791134,-0.367987944855189,-0.0322825671345204,-0.141932854873308,-0.15610176076137,-0.21419707453179,0.0509981330452578,0.142242319722091,0.0741125408540323,-0.37073564912051,-0.0288946138076627,-0.0381982746329458,-0.0913870000506581,-0.0156079315372096,-0.023838834134026,0.247988088841518,-0.0919637663975317,-0.0225731576584189,0.118964604615057,0.406399346421886,0.0422160451832299,0.283860593565286,-0.0869654483374601,-0.261204315168528,0.12358022784534,-0.163201402893655,0.158206178712841,-0.150609727171786,0.0305977018648164,-0.216131627600442,0.11923027072264,0.159765125227254,-0.142011374968067,0.181863707358534,-0.0210410892291317,-0.254338481606617,0.0410631231178007,-0.957320137891144,-0.0559673485148192,0.378510550856125,0.0463105157789419,0.0935994416035181,0.115581466466219,1.02929405180291,0.0578509174466664,-0.754964962656167,0.0576000189757142,0.283065468796839,-0.0298858699603865,-0.358875859490356,-0.074265737738412,-0.298228057724868,0.133551357905961,0.1293553884221,0.084432174973862,-0.0140425741802102,0.0958145230048783,-0.321619750104456,-0.0212507821076104,-0.25878690248422,0.0146947666680809,-0.06334396993992,-0.0151050920408062,-0.563214697633111,-0.100227452206426,0.225558764995288,-0.0419584860357014,0.869918272238488,0.140322704422394,-0.306081587109916,0.0965557517993096,0.767624277151475,-0.0323033569231848,0.0869794051892954,0.00119834604491127,-0.00191805413863942,0.206439847621826,-0.490613649162169,-0.154424498580938,0.411811452705885,0.0912647464933638,-0.312254445336355,-0.0355544977731709,0.588575168475938,0.0583310197716828,0.00420492391443929,-0.0532823490946396,-0.507966661364181,0.00804008804373179,0.733580107381625,-0.235870630606422,-0.14086167456297,0.0322269639502045,0.484769014825164,-0.103297854838519,-0.0134917113163399,-0.0724608812964534,-0.177487277869587,0.127592005744137,-0.138354481787886,-0.00904447926927953,0.0299641903404446,0.145360540695966,0.09004262297398,-0.064264776569223,-0.113703375654407,0.112438051785189,0.42096441517316,0.0830629288782776,-0.120116850109908,-0.047916141159775,0.38274663325054,-0.03165427963753,0.450269251069736,0.100590452490414,-0.231261071605846,0.0916179835065342,-0.0934950987683062,-0.00431376853932199,0.314377301127972,0.0889018243704558,0.329689144764117,-0.256992658814462,0.0454447086374338,-0.0802076772230469,-0.427782878173,-0.0644254133341007,-0.304880038525679,0.147798285834964,0.370820495413725,0.0184043454493765,-0.518287517249469,-0.170763344386608,-0.851586177412332,0.0858778659935301,0.927219614264702,0.160207799426002,-0.492561805987274,0.172409916072739,-0.133778786996071,-0.0661831021019197,0.297027261407149,-0.0163487867994857,0.57217018630708,0.0546214104991257,-0.606364548051505,0.0784349093852082,-0.0790571223273676,0.241477460614969,-0.251726863932141,-0.0924300494669944,0.349083885226802,-0.0125648960699959,-0.235097132970261,-0.0348832771859678,0.299589541393687,0.0339867342881443,-0.17435637596184,0.00516165947084221,0.0836998123309636,0.123841600914771,-0.480268036517066,-0.0846908079059396,-0.490472958655543,-0.108923522270174,-0.487981491063677,0.0649231513296892,-0.366243691610473,0.113797359208922,0.400467582302022,-0.153643677447681,0.152351205102392,0.0579501246568701,0.54392322261148,0.0565940364894338,-0.448987818484013,-0.0268287249000673,-0.106136412445025,0.0927780968830978,0.186212371689249,0.0336433539705298
-0.471972631028771,0.0595315867446025,-1.02055846410574,0.0713942814725347,-0.311745229261062,0.0931268697897814,-0.635695349031623,0.107295842008744,-0.221131221350862,0.0735173581931875,-0.490554395157044,-0.182207427508484,-0.183068091662743,-0.0650624888020947,-0.459425458386848,-0.0534137262843724,0.796457547271759,0.191504689480057,0.000576373895744585,0.018509148372697,-0.417657405165263,-0.049862560272609,-0.242123966389982,-0.152416718739217,-0.165556851020063,0.0383815626346972,0.176554716247797,0.078660487754623,-0.361486132918471,-0.0458236600636421,0.0576472446906678,-0.0878314269408488,-0.163209474743863,-0.0228548732587629,0.191270296709422,-0.0743332917134056,-0.130224769771322,0.109090436705043,0.32362464947754,0.0579350838991878,0.355622371391668,-0.0673838979616075,-0.426702159901389,0.102081096054722,-0.298341181475859,0.141858963198135,-0.289703521060828,0.0220609296742438,-0.574879578211757,0.100992129051584,0.326582811172963,-0.125470544628419,0.123151018084732,-0.0102987643437294,-0.291802788518912,0.0256136205829734,-0.911608587113859,-0.0983252562486161,0.360740788918147,0.0612331446583844,0.110384139504185,0.11380293722842,1.10815721937402,0.104482521636605,-0.619900555456726,0.0157847167131102,0.460142746205668,-0.0113586135042712,-0.349134101333987,-0.0875449722719131,-0.424974239158215,0.108600566352548,0.113332629792826,0.0826364533796634,0.0725299525044952,0.0888048712978472,-0.27226186548963,-0.0390828289051009,-0.281859355415917,0.00250372742058017,-0.0877786626420949,-0.0177401512907011,-0.617256914357672,-0.120643846956975,0.00313260013870671,-0.0303146734345108,0.72347594396662,0.174509137154336,-0.378877472097358,0.0768659318024085,0.748203391706621,0.00722815409196262,0.0241880059527046,0.00268598848164388,-0.18466517552417,0.191999472083118,-0.305937257241665,-0.170689964424467,0.313895678676106,0.104447534806295,-0.380237869572644,-0.047088984545429,0.614518875565359,0.0817963975028358,-0.101598346087488,-0.0510023182133987,-0.723660253105184,-0.0190760051505669,0.817444776915096,-0.187661164603139,0.0111002838786191,0.0239455017491312,0.335387951418305,-0.0705467947203365,-0.0127939024606518,-0.069445393070068,-0.29501670173115,0.113352116934806,-0.0675449521712933,-0.0144050945152898,-0.180939746461565,0.13908619870475,0.208039783014459,-0.0565747455892265,-0.385627020740772,0.0990725341527354,0.326529613872757,0.102782749788692,-0.133310423950439,-0.0531891242402519,0.265627839605304,-0.0110305751582646,0.294804111620743,0.117639342985055,-0.292398512167249,0.0767653061496412,-0.146388950691483,-0.00957393650718095,0.210143214638969,0.0990405170950461,0.41318983807377,-0.228686358343097,0.218351343841318,-0.0727240659449143,-0.467824256512033,-0.0813498305858515,-0.503535176396945,0.124856708502712,0.26588176591322,0.0346803464195751,-0.430852450316156,-0.184690041444876,-0.959742458063975,0.0410703179943207,0.749362622776989,0.195896225849127,-0.507446972866711,0.140655932402273,-0.103594513694741,-0.0697927301766472,0.386709934030424,-0.00396185069929311,0.525364432697601,0.0781857194116621,-0.621614266796895,0.0462590464270264,-0.262851233240462,0.223548899570467,-0.062616442389242,-0.0986172430923959,0.203546099356673,0.00579014637233182,-0.387257444191929,-0.0438966631575114,0.615169868304317,0.045824432352874,-0.254189655867744,-0.00368955599696648,-0.0907159575662,0.122046597086698,-0.484837104361145,-0.10327679801247,-0.511168522484979,-0.124679537596681,-0.689814374522138,0.0352838704503053,-0.649749168943148,0.0895083509898373,0.578969694975715,-0.123743171313995,-0.00778337342012945,0.0631099778443084,0.387169299257623,0.0848287037489352,-0.314783133454595,-0.0466097173358848,-0.193489771283968,0.083420928349851,0.0675439989730368,0.041278307850116
-0.449445483940487,0.0328805141979303,-1.15485424719579,0.0170182557340384,-0.477728658815568,0.0707833951303944,-0.806266301201342,0.0714937217729172,-0.284431791728448,0.0562962852468145,-0.174236909718258,-0.197713510894697,0.0402622673914439,-0.0681596538288067,-0.363698795798442,-0.0712046219526605,0.837545973388899,0.21653262649335,0.00031751173183163,0.0181201727313229,-0.338355053010124,-0.0675468710866103,-0.062424072202391,-0.155040129977897,-0.282224761963154,0.0286395747756797,0.0353977595557204,0.0816051628355269,-0.559909239213979,-0.0605385677896054,0.36081388965226,-0.0815074063848768,-0.132310728101045,-0.0258550952787692,0.170245454496573,-0.0589930530060988,-0.326930368138703,0.0962649555311826,0.284267583390767,0.0719322723938482,0.362134481880982,-0.0455396012454905,-0.413753362782798,0.0767048459940707,-0.120763037175136,0.118240103685882,-0.392781078374438,0.00518016448686266,-0.764307616477465,0.0670382710704413,0.511184967836237,-0.103759061194445,0.103499679528508,-0.00572376091922095,-0.183783742124244,0.00986460272057314,-0.796678306155644,-0.135382376418206,0.235481585614956,0.0759290395091997,-0.0972378508624114,0.113041798668093,1.21835452735866,0.155022274703811,-0.615696596746612,-0.014767148073498,0.425044800555484,0.0133754109971272,-0.178180480958053,-0.100550879749987,-0.329321129460412,0.0828324636886878,-0.0909160104801245,0.0846289090170202,-0.0476583797749434,0.0837053040408588,-0.284354269473739,-0.0505224690259398,-0.294650872512519,-0.00989303437650577,0.0230013159997225,-0.0204991983817999,-0.570243832631685,-0.143287552000026,0.0179242399018901,-0.0291050450441634,0.559698544506331,0.201336990564624,-0.342948677847969,0.0552763965457931,0.799553375033303,0.0432440614779501,-0.00694269766843218,0.0031920274606677,-0.335890643368104,0.169139768780262,-0.167039080359739,-0.175352520138379,0.155895107531321,0.111776718364642,-0.251361135510461,-0.0620039507493709,0.49062948705916,0.107541677232121,-0.0452409922871522,-0.0501325335467244,-0.663940402378024,-0.0533302541136726,1.01189090435438,-0.135421880331275,-0.000219635511111415,0.0234175593403556,0.395830198415387,-0.0493834868667484,0.014305861483772,-0.0657966303516192,-0.268757085739153,0.0921099062859436,-0.034672972432157,-0.0166766383739548,-0.349138252842008,0.12281185282981,-0.0281826353654943,-0.0440457337606907,-0.463493961341045,0.0753644907956487,0.406595594142518,0.111516342185437,-0.0477701938752986,-0.0569272016119265,0.405217411577183,0.00462136680831945,0.176769552343809,0.126561117437021,-0.371488259738547,0.0591244236654988,-0.0164937022704253,-0.0175064241925954,0.124429683621951,0.103237910855561,0.395099270687379,-0.195534112336174,0.222339196746083,-0.0562882827711218,-0.578052343550407,-0.103136367621426,-0.61450816134574,0.0916833692871878,0.0589391988224202,0.0438349231260461,-0.243400314515944,-0.193506852985892,-1.06565178225473,-0.00828328611577396,0.707225201525588,0.22129672571719,-0.592014060454269,0.106561685473842,-0.0209243918279851,-0.0714919333145886,0.373782215033288,0.0195324436042774,0.55835370246711,0.0996012789890964,-0.753611359242458,0.0141904091323393,-0.267141316073007,0.195629689785179,-0.155222732468306,-0.0981117321963931,0.275906066383544,0.0135260053798485,-0.433357509817062,-0.0637840295296196,0.65172392934654,0.0734334050304232,-0.199890356878858,-0.0185585123906898,-0.265477260326078,0.108539955709144,-0.552719594904425,-0.12264100168452,-0.422294929134836,-0.1430157658744,-0.893278571588076,-0.00226280075327371,-0.682449677867652,0.0524430456015966,0.627230415233335,-0.0862967917114721,-0.107765891807312,0.058438348806289,0.310884734641992,0.0971739691858345,-0.262979558564652,-0.0574929902148296,-0.183650041228911,0.069482792266983,0.0612123086388495,0.0427631820302867
-0.471737049936473,0.010522842104946,-1.05453237333588,-0.0398688057795819,-0.388376238419856,0.04286477675524,-0.784732034919062,0.0307827244308442,-0.378240798588897,0.0399672726804569,0.108178006794236,-0.197465687791688,0.235900007515203,-0.0609284821422041,-0.327536632841918,-0.0826382203877513,0.600212167325906,0.243849865520383,-0.174097798289987,0.0183501735801204,-0.301257575415215,-0.0803079814090923,0.0867660240249475,-0.150507007709392,-0.380410797861049,0.0104389029831423,-0.165766825339592,0.0785527323079051,-0.517235411978026,-0.0827567656378721,0.407256225282015,-0.0594529746584221,-0.0309496219133723,-0.0295430583896708,0.137867343274497,-0.0467892341246477,-0.283850606227094,0.0730677535880239,0.06643083609845,0.0829905330986528,0.462470867348633,-0.0260578157405626,-0.491867018735369,0.0522187696974841,-0.379707873247562,0.103678101344936,-0.523820885343082,-0.0125863901880579,-0.752268136402705,0.0257868843917834,0.703953550816156,-0.0748571987576726,0.144119970743335,0.000897454665843412,-0.053136936939698,-0.000713450518659443,-0.632313851465751,-0.166443752070379,0.126992630503638,0.0838457324649372,-0.215409230462094,0.100292570332186,0.998514306460034,0.205630653196425,-0.658326120400871,-0.0420078468132757,0.568205807693467,0.0332017717025729,-0.192092315681823,-0.103144616687001,-0.422017600063317,0.0595269156220649,-0.0902775667801594,0.0751900411731571,-0.217886583536168,0.0767474021785697,-0.177523373719086,-0.0636363758439435,-0.1151343835865,-0.0204981667793072,0.069837752307965,-0.0158604243781521,-0.507759307560598,-0.161444523604836,0.131646103008173,-0.0259562271110049,0.196920355946004,0.215305346520876,-0.250132251232565,0.0370561023118531,0.574982516909893,0.0810501038994113,-0.185645996520074,0.0040743101361184,-0.625387752658727,0.14390174094785,0.0313583988276211,-0.171377893351211,0.0966108485974988,0.113592400933885,-0.0589173362306975,-0.0704083057219094,0.413870422253368,0.12378679250062,-0.079215725411096,-0.0480534759427592,-0.54472923124507,-0.0821337491906944,1.07938600197565,-0.0775398120104988,-0.150446276834109,0.0223768022227498,0.517783206530551,-0.0272783829338058,0.168546573903693,-0.0592658510864321,-0.288366398731491,0.0722264316774465,0.0879386948456385,-0.0164041557316514,-0.542465179729775,0.0995528361712134,-0.0181281273748288,-0.0429912952548613,-0.519354701849907,0.0482138365721601,0.321592494175462,0.125830392080068,0.0208744276526707,-0.054974787647669,0.470353428103651,0.0211623055980344,0.127828489610272,0.124463530191148,-0.258986084675404,0.0368523833189535,-0.0792929862308772,-0.0192177765947985,-0.0345812994401791,0.101337622970026,0.79625451724611,-0.166870679701541,0.200272594655787,-0.0428657995064456,-0.377832910058448,-0.121106717039566,-0.673330868414035,0.0575420707534829,0.137233276163366,0.0450359298249304,0.10621043403653,-0.19417888722997,-1.07995434408342,-0.0595364082329286,0.539779333874092,0.246150990496267,-0.551788575648119,0.0745570963306507,0.0901429424709261,-0.0669389444248091,0.280815060535229,0.0384159778185501,0.538109127832678,0.120890560455827,-0.735306088681292,-0.0237652158188788,-0.412207242578191,0.171465573014084,0.0739723330195556,-0.100455185972566,0.148844127345188,0.0269998381275353,-0.265183079584683,-0.0795308739188416,0.668870363864324,0.0967224371385694,-0.202308407198654,-0.0256410065080606,-0.46859103643953,0.0885186157537907,-0.454241477357957,-0.1427468519791,-0.430427932188713,-0.153254684589583,-0.643716623139387,-0.0456228830889339,-0.986654147032707,0.0178239798537118,0.514174836969937,-0.0497131541490015,-0.00796053281598932,0.0484856021467385,0.271429296078582,0.106853743735543,-0.168515584623181,-0.0685407280719861,-0.336172350323231,0.0563708538386673,0.102164650438345,0.0457744978633296
-0.459655406434433,-0.0162609009258927,-1.06447109037937,-0.0886046614010553,-0.267198101622335,0.0224235575634673,-0.793945590701068,-0.0107029446315,-0.456490660891623,0.0173993563829209,0.360988865131341,-0.18119831293435,0.100578999951899,-0.0429911185799677,-0.156261742066398,-0.0940312826145077,0.152327987200934,0.256328039368181,-0.117709879094697,0.012418901058791,-0.253161810530065,-0.0919991592194428,0.321143790969614,-0.139317504941132,-0.254363543883097,-0.0102628385354121,-0.195217750888036,0.0663506530081688,-0.546219661300745,-0.104025923066586,0.50970012525647,-0.0382550251584021,0.185765292672818,-0.0286033883214033,0.126939732655903,-0.0351717674711439,-0.240197845115212,0.0552083254542301,-0.075277369173564,0.0778123389450872,0.437106948214497,-0.00208730292059448,-0.498422870037003,0.0277460757805575,-0.389344839918485,0.0797437709099936,-0.585302456749925,-0.0383732539913364,-0.687714407119778,-0.0124309324479348,0.747519499983164,-0.0348713934260537,0.187644450924467,0.00752325648934622,0.107750125384592,-0.00188783496473394,-0.588499876117788,-0.188867446080731,0.195441445875571,0.0831990279158428,-0.348528206189955,0.0837324573603628,0.889480448054542,0.239934543012961,-0.604516169437237,-0.0751454588186042,0.432272738462058,0.0626464695422393,0.00635813680678428,-0.107497630691823,-0.328891843741796,0.0367750498496922,-0.0372061036113856,0.066923525401404,-0.312825074906937,0.0598996212511936,-0.00711735418769921,-0.0663049593926401,-0.165520621574297,-0.0251713606549026,0.229838449742748,-0.0120192088625201,-0.442354949779578,-0.179022546375122,0.199443730183952,-0.0186933764727594,0.173373453900381,0.209773038909034,-0.303673228426005,0.0250672524815722,0.315406476880049,0.104428575692397,-0.315878920001773,-0.00250786657373039,-0.714735947097028,0.107951395049928,0.147375151708108,-0.16165941778304,-0.228227201433604,0.111742192453901,-0.120383694367106,-0.0704590963873043,0.13702808350555,0.13901926480721,-0.142266313809873,-0.0523684882487092,-0.685443483381365,-0.102925810231639,1.20787380903006,-0.0210933094459076,-0.147031468367936,0.0132354333485038,0.462860715550895,-0.000907865829009757,0.0486052395859823,-0.0482334353038796,-0.12117006055075,0.0553241724429666,0.173683967229029,-0.0105690289515477,-0.639269411536662,0.0678064664166459,0.0499662377231168,-0.0388106148409056,-0.505374460648152,0.0214217377344925,0.338029209817123,0.131755773186728,0.0589336479930825,-0.0494707040580909,0.644123299365709,0.0432952940521613,0.1811645006992,0.122849135587668,-0.237228282969357,0.0248033283309496,-0.154991161321928,-0.0218957661129406,-0.205857115654845,0.0914147331444836,0.815606405467024,-0.118223756685296,0.163085780365991,-0.0327349016520316,-0.312633927589755,-0.134009185198827,-0.714324173982738,0.0239601509955549,0.370064572413691,0.0512573747800729,0.42288730299331,-0.176059794579173,-1.09356257951285,-0.108865358471747,0.431849899353162,0.258840275559645,-0.550240600830469,0.0450221687943328,0.360557307291563,-0.0595808433992375,0.24426129059096,0.0490126934573508,0.42194764051784,0.140068075435691,-0.67468188218853,-0.0610523947459845,-0.654946504591618,0.138474644282236,0.280408228409033,-0.0916012632910308,0.201017992936114,0.0347322282019725,-0.236379223723686,-0.0862534633658278,0.545711934624152,0.125719409358334,-0.172645199539574,-0.0355372831706895,-0.415974778656342,0.0584934431159251,-0.188862781033304,-0.158608027377623,-0.560365342003641,-0.165858675723646,-0.602838879104049,-0.0739598293959252,-0.903875498272017,-0.0299914118111077,0.63091705242072,-0.0184507377663023,0.0209237129947124,0.043146244775068,0.112116769264496,0.113881877095972,-0.142454587342822,-0.0713675736318244,-0.290034072015907,0.0371028677058586,0.0692221883127574,0.048558687450207
-0.404352414668446,-0.0361854079947867,-0.936494092418333,-0.131015661275812,-0.178023033674186,0.0090562020029957,-0.936146222193215,-0.0498306296061084,-0.606368699452544,-0.000572162286576288,0.559473409897578,-0.150048268674158,0.0686580434582654,-0.0338766439140609,-0.118829382016216,-0.0966868239815956,0.0768889632411148,0.24825116480242,-0.261456685498081,0.00382029849515538,-0.252993977842023,-0.102340018764406,0.602450472477591,-0.114936313885326,-0.05568226018446,-0.0215554363582135,-0.405135426176961,0.0545529410821995,-0.625461873557123,-0.125862954096689,0.655675263751821,-0.0123932476708759,0.153312224139477,-0.0175889187909298,0.354074049129922,-0.028351104177378,-0.25684272839535,0.0433360830214924,-0.0121907884833892,0.0701873437448304,0.391797172702107,0.0202460927341758,-0.541056195807803,0.00337878904533242,-0.39696592017614,0.0564433529930168,-0.494114413084674,-0.0642694937979186,-0.813591729261965,-0.0468031120182893,0.767794582580343,0.00262567300410006,0.00723335606398954,0.0141739715250772,0.200021246573968,0.00283367789737473,-0.13853882247616,-0.20726528193779,0.0723209456519057,0.0867424663669405,-0.419252342794392,0.0603369067591206,0.601500828737311,0.271955007866229,-0.481467736829503,-0.100504227123618,0.247607299290156,0.0795161542982193,0.0110898278569714,-0.100190602293021,-0.250613921097418,0.0213458250687066,-0.047910663178587,0.064447839933085,-0.498041867757889,0.0383611296168549,0.0849663372920459,-0.0632965663202356,-0.202822333938775,-0.0324770823874437,0.158508597666776,-0.000497765257912337,-0.266589699842914,-0.189471845994444,0.181193551901777,-0.00622297428458214,0.148424240929138,0.205993585101262,-0.285971929889473,0.00796659508044642,0.321000982280278,0.114052845426289,-0.0143671573732838,-0.0154225085708031,-0.603302677069039,0.0649524955827239,0.228869655465533,-0.144432853928466,-0.383103364414107,0.0943670133093771,-0.0909867063454521,-0.0734520753717583,0.169094477398338,0.138885204212608,-0.0451914096434385,-0.0561725368687159,-0.51899592793659,-0.130319921813012,0.984734099640143,0.0414737120307511,-0.127300510991966,0.00513844611483487,0.284663606542406,0.0240065271503591,0.181871796991266,-0.0413320622757847,-0.132513940557749,0.0453656520833293,0.0323050125523813,0.000186841419547078,-0.761994666678316,0.0303190367640346,0.00446010770550697,-0.0329422364598577,-0.46878506000356,-0.00610197333986218,0.259254142729704,0.13906191327622,0.0797467506539853,-0.0421544363711877,0.408558250532986,0.0726503758579019,-0.0361068131689541,0.124803686823609,-0.294193900540751,0.0135617483323164,-0.170402880617449,-0.0278792654124589,-0.219428073793881,0.0739910745322471,0.985207823534114,-0.0704029336169162,0.112664221217242,-0.0229359999008808,-0.0436761210208814,-0.140385082075283,-0.516208282543543,-0.0131985354654466,0.317722513732684,0.0656157527194515,0.506733700170902,-0.147440085032693,-1.01513955279154,-0.15717683128551,0.200320539528111,0.265238067053578,-0.455380618717916,0.0120042139565404,0.520139878281136,-0.0377455725658579,0.100283288407345,0.0587031690059671,0.438088006323606,0.151463191130999,-0.425778070538501,-0.08670450226126,-0.758326226171361,0.0998732784770565,0.360323939757436,-0.0747844849874625,0.166572106202707,0.0426065054059955,-0.00832768040316431,-0.0940834993644206,0.54976778346992,0.145651354844618,-0.160891147025312,-0.042212997854959,-0.298244045789534,0.0336701562515933,0.0923634708749194,-0.16285879592629,-0.479072631705778,-0.182394637198782,-0.684472109624843,-0.10030772424409,-0.689361999602292,-0.0726688340864567,0.568175012519692,0.0136041108140922,0.151469501213849,0.042388133679327,-0.152648360168548,0.11489828177136,0.014871601287306,-0.0743595270152409,-0.355836935487474,0.0175862336067461,-0.119851536273044,0.0497060307561508
-0.400657792785837,-0.0529131779322876,-0.802391587022268,-0.169604294829642,-0.000383506096341905,0.000508631736255648,-0.696375503819342,-0.0933705930926761,-0.714824667111656,-0.0301953337141594,0.568650049222845,-0.11289356494397,0.0899526926424909,-0.0263566009222574,-0.262601042887953,-0.100466978334467,-0.116482252038334,0.236347594387547,-0.252977283649828,-0.00774153260665487,0.104477245437339,-0.107338946286852,0.802143768719715,-0.0799509021150112,0.00771097279680253,-0.0257537299897882,-0.40537105768167,0.0291393924555047,-0.430326217031588,-0.146153861446321,0.962511393681664,0.0222214984683643,0.143830638694743,-0.00883517442587452,0.185598378184219,-0.0106712409931558,-0.0914518858617027,0.0290540040492877,-0.221514612458327,0.0690219956612898,0.39728304069334,0.0386622428321292,-0.479012298937019,-0.0231012119370278,-0.449941617183075,0.0313925693920231,-0.541356463056821,-0.0842385928644176,-0.898572944876529,-0.0848937648429624,0.759677919071336,0.039053099889722,-0.0111744081167946,0.014475708679019,0.0985811185955568,0.0155614868216711,-0.0326333580174395,-0.199965016364329,0.0911799495128874,0.0865220859980022,-0.42310937819132,0.0385222510739345,0.32484959459386,0.288089545232139,-0.522129760393641,-0.114346369190092,0.317882572723204,0.0852098141149361,0.0880121164921867,-0.0959497500894288,-0.180199459502683,0.00846864959717532,-0.296554929339768,0.059095056056449,-0.582352712127528,0.0121032671908465,0.122865925216269,-0.0537633738533392,-0.0890883773761176,-0.0391006848256584,0.246836001878285,0.00491225001518201,-0.151767912958051,-0.192920789101167,0.126291700396005,0.00477609430686769,-0.159951133141209,0.200808351167964,-0.457371133665571,-0.00786276288673602,0.182218807241247,0.123118987172814,-0.0184717057760997,-0.0146146208436183,-0.66189008832396,0.0329986664845507,0.4233987359134,-0.122643737647426,-0.433140147700848,0.0679033930016907,-0.0757583276426716,-0.0743621879618427,0.088383924608401,0.139556014726865,0.0155607107958994,-0.0558449756936871,-0.429587196458806,-0.146998098201195,0.840907771124602,0.0849248706134855,-0.143177230661999,0.000930417739223516,0.143556636238235,0.0362248577179066,0.373510514704806,-0.0317722239971537,-0.349363924513603,0.0374217705907718,-0.14788631534744,0.00386730831159872,-0.799210842385085,-0.0070208713436456,0.0250423513985073,-0.0322682890030104,-0.688229006330925,-0.0306292567415022,0.322195933890956,0.143567859878469,-0.0796929853055194,-0.0364154774776939,0.433115672049041,0.0904198803973608,-0.0771363493131866,0.114709643943647,-0.19815199053542,-0.00331523534293542,0.0521836529221249,-0.0321002509579776,-0.118969844617643,0.0613958051378233,0.925250754092601,-0.0182919473299214,0.154683386997617,-0.0159283702903873,-0.067194357037902,-0.13608267463086,-0.235593362261514,-0.0347462452400668,0.171415056338399,0.0783693584710998,0.562309676974239,-0.113155835857544,-0.779684550436317,-0.198037601507985,0.0481000317567186,0.260389722863949,-0.376158964816545,-0.0121375847987959,0.585073281310717,-0.00893946123468294,0.0636539384136283,0.0590707107025493,0.372185813100903,0.165263428546591,-0.429406898483685,-0.101080779650975,-0.8588168122975,0.0595305460665497,0.396712243630115,-0.0518109278459344,0.110414297978353,0.0478123341071376,0.149964853989227,-0.0902112855855447,0.408475840524626,0.16432862965158,-0.251532875863147,-0.0486329648375092,-0.363736788952622,0.0150196769560403,0.292687529022893,-0.149038129251343,-0.436509085197452,-0.195344560954342,-0.551449000701827,-0.128935416807025,-0.618936309006127,-0.103052246606822,0.597558695386302,0.0414578920283596,0.282161539133464,0.0439354558549296,-0.148892164136081,0.101144888251505,0.155376428694345,-0.0684847049368521,-0.332700911607317,-0.00101581221986514,-0.170679555098662,0.0428531444454766
-0.300365846343333,-0.0690219793655888,-0.56741134267094,-0.197456697835933,0.148831650021653,0.00154215983069139,-0.663130920540615,-0.122376540413831,-0.837042239374595,-0.0630784567888037,0.655213296624312,-0.0734907417889243,0.0105748134297095,-0.0186601340656519,-0.309364726729955,-0.107955574415436,-0.256490943939597,0.21725308171904,-0.156075866247434,-0.0201110755991086,0.0668573419809558,-0.099244892790841,1.07769509745106,-0.0352948937943716,0.106357464456466,-0.0255080994521072,-0.43377719847142,0.00721541962167696,-0.16676874450503,-0.158694714290764,0.866943195047512,0.0691121679989578,0.339654098375398,0.000796190172926936,0.184336158582395,-0.00243014612968082,-0.170820348480249,0.0270945033440414,-0.442624187749818,0.053217870182934,0.128606439362835,0.0530267963143623,-0.561657304108988,-0.044311983744646,-0.540637619777604,0.0061428555734018,-0.436008241730361,-0.106075194161077,-0.617750034948559,-0.12384317520876,0.607745269179565,0.072497314277354,0.00382226586963523,0.0136630322998841,-0.206210712644204,0.0175632929593186,0.333439955495136,-0.190562801680956,0.0166351271724357,0.0863671297302417,-0.43144459252204,0.0165478195162826,0.063231407904146,0.288169309038238,-0.212257577603781,-0.13114844692364,0.068119643678421,0.0950016453732844,0.0952101053036671,-0.0851843001496869,-0.32609744776877,0.000178533711354482,-0.559143496332889,0.0405482362899286,-0.59694235425166,-0.0173161459065035,-0.00213091913538936,-0.0448804366916567,-0.289071893533729,-0.040919482946289,0.0874552357940413,0.0151326072865059,0.14312161581895,-0.187382065982765,0.180437139377416,0.0126340010806923,-0.501671259941241,0.181781183427972,-0.639656464832781,-0.0299661678323003,0.0941861905593698,0.124458665566537,-0.0597154151238512,-0.0136090309323283,-0.807108857801298,-0.0013736724200426,0.52781961664081,-0.0958905009117217,-0.591536109821165,0.0438286837219351,0.0265504899954868,-0.0725029070053023,-0.161145083509139,0.133030344517984,0.149794510865351,-0.0517639258309584,-0.440434523687897,-0.158086305939699,0.675619405191056,0.124211468480079,-0.12681210346428,-0.00589228176382561,0.231027809855779,0.0390225887717508,0.208899501030072,-0.00881800971297201,-0.398966027593727,0.0180017259616303,-0.189876424053258,-0.00479556574172408,-0.732806813825029,-0.0463895914496551,-0.0360464420729082,-0.0284596848012449,-0.789850664025075,-0.0624677008888884,0.12550948186368,0.149423266683451,-0.23079201221065,-0.037222526259145,0.379817938323344,0.106506304705191,-0.171737699133527,0.104764404327544,-0.0743732652831334,-0.0114649162694305,0.106057059631646,-0.0274508445614649,0.00501845841998811,0.0533194279575979,0.979092589542323,0.0258985888928279,0.24812552972217,-0.00520237805804314,0.333301873542444,-0.130310734216399,-0.281792140361536,-0.045663954226146,0.0686005524946418,0.0839588410854189,0.695794244839319,-0.0811276616981151,-0.609174825982622,-0.226146809827177,-0.280409789710967,0.249918000735441,-0.404636849713545,-0.0293678196736236,0.63663169227372,0.0211587003237513,-0.0251723515393048,0.0590089253756179,0.354466570197243,0.173065305414446,-0.357597579100385,-0.113615572438689,-0.691859295986422,0.0152116184921988,0.540266129450819,-0.0303479144731477,-0.120858005201334,0.0505753414367871,0.129499562623139,-0.0749537515486339,0.0613137386268512,0.173369765092358,-0.311880889638627,-0.0589125803402177,-0.277339858080762,-0.00208226484475801,0.475216428764895,-0.126825432482349,-0.141441211485098,-0.203347951306032,-0.441042786976761,-0.148652920054042,-0.530608199211352,-0.128815985614374,0.576081675995327,0.0644500044619157,0.180424202070191,0.0551405066378291,-0.153792486112974,0.0901116350361447,0.230806611325822,-0.0546429116640904,-0.328857277632548,-0.0154215205746497,-0.168505365316941,0.034054091447708
-0.164851475700695,-0.0821213243541261,-0.463998657315479,-0.212080774151594,0.198932787426644,0.00899998519304266,-0.619576169453825,-0.146390925486342,-0.945281083032818,-0.0990220229817584,0.721867152355759,-0.0369174202273789,0.0712834837814632,-0.0181488617140403,-0.114163808099729,-0.118935184502225,-0.480886955921645,0.190788452051292,-0.145311677211078,-0.0281954619213418,0.106596287509348,-0.0892469115387872,0.821030803484601,0.0179785543398138,0.147853049335897,-0.0198196030556391,-0.595637729094116,-0.0157584672093176,-0.213321298354541,-0.156062357175212,0.761085976376172,0.107527739844324,0.318397923899138,0.0139078373064874,0.195344881431325,0.00513963024964245,-0.0815121722684608,0.0152899198950099,-0.631119364628112,0.0287613131176825,0.0300312437894139,0.0555330651212544,-0.482417418034559,-0.0729326603111941,-0.484871024105186,-0.017790389595862,-0.315086245033801,-0.119784780001928,-0.464760228277135,-0.145573047743758,0.650962161285618,0.0995590563207137,0.0133074830168764,0.0155362806902409,-0.436437741840737,0.00789440843464637,0.672246210946632,-0.161012346109955,-0.17476903172338,0.0837592509007495,-0.479756334857876,-0.00432846538910538,-0.168932532517894,0.276235511660673,0.0263320191660196,-0.130230546637393,-0.136035245118318,0.0929866312291167,0.146398354450164,-0.075095767987142,-0.134732913283509,-0.015498742522713,-0.575585179384504,0.0119494471144773,-0.410227448767978,-0.0471787921753884,0.0600873265463205,-0.0441578689797331,-0.185092076729275,-0.0514297148785158,0.0977476156864436,0.0170704170028055,0.223263341475285,-0.169660607000046,-0.00430308093610726,0.0201718021332049,-0.696868386114737,0.145017014251157,-0.481021035728228,-0.0589675787116416,0.0807234162218591,0.12136212271649,-0.133272584914564,-0.0150034889446575,-0.87988649614045,-0.0402282995930368,0.655676823119744,-0.0638931303308774,-0.631315252556539,0.0156363265835169,0.225748703052685,-0.0708187489044111,-0.0953653756579558,0.120668089850707,0.151007115395237,-0.0401007478490413,-0.268582903698157,-0.170943819809959,0.495142899992253,0.148259651063752,-0.109261152817276,-0.0135663377480671,0.205270309737168,0.0454028703457935,0.196178140729917,0.000689459896678002,-0.531479370350075,-0.00268067044079921,-0.178172524628576,-0.0148255124928128,-0.556491091313121,-0.080981584214999,0.0561609993767537,-0.0287142662325934,-0.643980244260526,-0.099651417928716,0.159468268595791,0.149724036927553,-0.199643611431169,-0.0463422601441173,0.416489384159421,0.11853466096507,-0.272682092998246,0.0913174446223724,-0.317745421420024,-0.0140393895858038,-0.027087790314057,-0.0193383776281813,0.0497850545906955,0.0508027162161316,1.08482526363398,0.073781915536531,0.387173265881496,0.00753419793848474,0.437468275643891,-0.105533395970781,-0.205100143225733,-0.054748776064069,0.153393946058058,0.0827817417817973,0.693234647928359,-0.0404310593171928,-0.240853456455844,-0.244858535903869,-0.527466654273114,0.217932055960874,-0.503380428481343,-0.0477713853534785,0.707326570691629,0.0514151001384397,-0.0391324423579761,0.0505493558804776,0.280349312536509,0.180601754865017,-0.195986115103184,-0.121343371280181,-0.796494222075832,-0.0176100135348879,0.828377452897079,-0.00238216471103159,-0.0698508646722699,0.0417676859559679,0.393744427649672,-0.0648470077258193,-0.17427522068373,0.16623261921891,-0.329884969073108,-0.0718034522115075,-0.221855446305397,-0.0135823057320947,0.540131878745487,-0.09504295997952,0.139949521057611,-0.197975748395332,-0.4537602862632,-0.162261096797284,-0.448525755626194,-0.148455889455118,0.571720994592943,0.0897158431408039,0.14673790580537,0.0631888332446306,-0.127654981298137,0.0779966960707113,0.440291427156878,-0.0418625895884377,-0.145886248467558,-0.029274072290752,-0.149453238907209,0.0254146421712873
-0.0138242606092216,-0.0835500000621417,-0.305072389559982,-0.22042255246107,0.212072211146264,0.0173851714786648,-0.499861105483421,-0.168690455378077,-0.948354282392703,-0.138023182114504,0.628873399624763,0.00179298966813381,0.207970273499821,-0.0122362774438225,0.0509553368404008,-0.116210748349233,-0.579782934011255,0.157848864441642,-0.103052214212049,-0.0334110868674325,0.202383949429908,-0.0818491342294699,0.848206856706835,0.0559652658024544,0.329123764099976,-0.00878282429895766,-0.329742782154024,-0.043514633124719,-0.110573867905584,-0.160094828153373,0.759047471173492,0.13979583735824,0.43797217457302,0.0264234569761321,0.129314441213893,0.0154820702258431,-0.0905072212724336,0.00853057625794607,-0.533964867414193,-0.0023860160771262,-0.227408657758736,0.0548857321984518,-0.336557478154151,-0.0939368361755535,-0.400830459876858,-0.0385497540436278,-0.0287218564928055,-0.13062168695126,-0.391998802860057,-0.162558273910509,0.450175752498782,0.12249106297893,-0.0953841562247282,0.0144647168259027,-0.248435954431063,-0.0122488040880542,0.740575648001578,-0.119604481125372,-0.290678608864813,0.0712027310659418,-0.39291660378646,-0.0297491233716856,-0.295970484229084,0.251464799307472,0.0636285912021077,-0.124868273918544,-0.14626622579647,0.082483375716895,0.261742015382091,-0.0655466889388679,-0.289460936125197,-0.0215236421860014,-0.767269762724308,-0.0150721216106913,-0.204211381027371,-0.0662132205853466,0.113685501399596,-0.0408996904310126,-0.0424154284346218,-0.0558323557820011,0.170109612844804,0.0213769724166337,0.446009142063029,-0.147083744580937,0.0525110081644079,0.0177473946832528,-1.06810761766503,0.104616443856488,-0.42665728539952,-0.0789969426531819,-0.111326118159723,0.118407563228948,-0.0625711905372228,-0.0183708065975763,-0.802845911522135,-0.0772754059386956,0.65084815018814,-0.0266857419397506,-0.50257631617637,-0.0146966209634768,0.303883667816895,-0.0555401284683221,-0.100071302277275,0.110319089625529,0.0640910206630834,-0.0273000074582873,-0.0342536506169949,-0.17122782096022,0.203267445085284,0.161329996568564,0.0549287207189768,-0.0178801252972243,0.18176757074442,0.0551151902365372,0.350163498038597,0.00974772183767323,-0.643196023977565,-0.0293878919347942,-0.0679526918955782,-0.0241599718419662,-0.594525370476738,-0.104739766850782,-0.0793950084303415,-0.0253950193788301,-0.465286312229706,-0.125303854219575,-0.0591005868474274,0.14635636198658,-0.117214709049606,-0.0493267251139212,0.29071810745741,0.130039345232427,-0.274040256301492,0.0750222497658369,-0.164152840184455,-0.0268366767522061,-0.175479230256272,-0.0187952402171534,0.0526674408456322,0.0503974116744962,1.21936708441028,0.123475541541244,0.138430801785067,0.0277806117172051,0.491974724150179,-0.0797013183208451,-0.0377442534223525,-0.0603237557656923,0.0102746166197244,0.0873157415165407,0.727731439569878,-0.00447447148988274,0.0148319410901025,-0.243074953970161,-0.690398823915777,0.179356045329789,-0.450681281136354,-0.0680254188001493,0.610760318436821,0.0829346723352201,-0.0274977496638171,0.0446723039363303,0.29356963122863,0.181910777960941,-0.105460270781634,-0.122340119468461,-0.897116533487165,-0.0551077464230433,0.794464137435681,0.0365417423747908,-0.412821908123392,0.0325585550946898,0.374464628054224,-0.0406731932377953,-0.404497940146406,0.148976327177851,-0.352227992516783,-0.0859951319755765,-0.253147775051565,-0.0217601153852804,0.482652935866817,-0.0630707214439746,0.324702364994969,-0.178104263353595,-0.422072407220468,-0.174131287179698,-0.170181104748163,-0.160813878186386,0.390822285240085,0.110456597396902,0.218171170076938,0.066251763893359,-0.234444500717991,0.0652203080386912,0.246508894839815,-0.0159554583920011,-0.00365428328964971,-0.0364433615416644,-0.31912070146306,0.0174911930977659
0.289846517045596,-0.0801518077354019,-0.178051462312966,-0.222861528216748,0.204731255324266,0.0285401396074977,-0.486510710798977,-0.182737240398945,-0.871095721917849,-0.177145570829825,0.483400464904687,0.0338812870093371,0.258625762581372,-0.000200145750536799,0.118209346782895,-0.107627551476376,-0.694522508075002,0.122110681555405,-0.128655441216283,-0.0361910698056281,0.194246929286755,-0.066911769141433,0.857083027125572,0.0951894041813049,0.326459390405864,0.00764372349731905,-0.433306082045401,-0.0572919766425739,0.171103903561051,-0.155820903366406,0.698288955490857,0.168480057510112,0.188347081494629,0.0472451875146305,0.0267918385906944,0.0213948759483647,-0.222157502775775,0.00517161819409446,-0.49133962204602,-0.0273154429606306,-0.233489554697671,0.040593742134858,-0.361643593136134,-0.107571128174095,-0.150319711235317,-0.0523208991067129,0.134109398822955,-0.123139455744363,-0.484047951191061,-0.1717550201678,0.289728644197799,0.136452273946282,-0.275496445421117,0.00870238063043265,0.0018224631957322,-0.0211343465669259,0.96869685129559,-0.078350270057648,-0.319389148517391,0.0533274285008164,-0.405410130785164,-0.0478565569988304,-0.381803385772854,0.224425938669366,0.264634097001973,-0.114144839481177,-0.0844127845077798,0.0687378993086636,0.43147333632573,-0.0522788939643187,-0.107660020135817,-0.0328684414416815,-0.68107418776258,-0.0526536474656885,0.0379452809363198,-0.0714686273796476,0.223081717821404,-0.0341024953572682,-0.0931190988657322,-0.0536093779182452,0.112380596577992,0.0265952814183358,0.648365615814348,-0.117732870724899,0.0447145398057861,0.0180880321745961,-1.14253515026147,0.0450308524630832,-0.574444464425415,-0.0936040008900873,-0.0926448819659915,0.102713935138795,-0.0969972993461475,-0.0202403935558271,-0.590033596070381,-0.111436203106733,0.703061798499406,0.00709388821287209,-0.529294293268776,-0.0371511125990474,0.367306302205365,-0.0371497598648576,-0.279578753261941,0.0985790263605627,0.173188455816251,-0.0216662236945792,0.0816897662925653,-0.161889999785159,0.00172459787501556,0.156521654606841,0.0577149880289581,-0.0135335124536363,0.264176938987708,0.0588015411710038,0.321716406431971,0.0281012058471251,-0.734536403121024,-0.0607088244576719,-0.154192418064008,-0.0289660104658736,-0.200037847544747,-0.12557100664808,0.0186204845841023,-0.0275695246145737,-0.407643425890526,-0.139196090980402,-0.0301177491684107,0.134355097486474,-0.18851980133588,-0.0539133924245609,0.25620921173014,0.135406316373643,-0.503465594746625,0.0557941038234002,-0.0573383832658037,-0.0338103871556314,-0.0430740150494228,-0.0238424302025784,-0.104687815947512,0.0499000906092199,1.17059971995396,0.174948698924705,0.0772338001352714,0.0331927445618283,0.26279210569531,-0.0515659841787083,-0.000655774556780316,-0.0577310917253918,-0.128195258144996,0.0817384027980719,0.518567375084254,0.0304834745327145,0.180203846363741,-0.227861366868302,-0.926765647366607,0.134014568735393,-0.42767180311818,-0.0873884115661508,0.654658507366551,0.110424616650994,-0.0790265458309049,0.0383323157566433,0.0921772581054785,0.185149925334067,-0.0927408339814589,-0.121759946848341,-0.94412621314283,-0.0941882532197232,0.878455274295232,0.0696554599178005,-0.266549952566337,0.00714869478009211,0.297314349157846,-0.0207984305107972,-0.288814958829079,0.121770189446776,-0.136706662609766,-0.0964577279145951,-0.270687005557313,-0.0335735767677895,0.485115569461695,-0.0367242269812027,0.409587102683243,-0.150041814928598,-0.366543341582259,-0.185471053822627,-0.0773907609903315,-0.159837746065452,0.397473073861212,0.122617588110856,0.101189551359695,0.0729779723657301,-0.300410340143289,0.0515659901873056,0.244996819395201,-0.00466771332353792,-0.00432410034340349,-0.0374842518742984,-0.408330853304133,-0.000131073341751857
0.202044337130009,-0.0635364066449892,0.164920075343968,-0.217641291593939,0.0730098575545994,0.0365408437077989,-0.394142416727876,-0.19626431631229,-0.866256590589043,-0.209200155340346,0.786306462235979,0.0536594058285328,0.186742899231448,0.0122103527899561,0.26829508074649,-0.0940938940047972,-0.666146416328939,0.0821674969168126,-0.217874438902465,-0.0430893089717967,0.112269420093449,-0.0510649961976029,0.650648380970582,0.132110869105687,0.158935191415636,0.0216853068706295,-0.288101091374132,-0.0772931302582953,0.267426886870707,-0.137136339206857,0.590740652396499,0.192946742689734,0.198743474010082,0.0547423400884976,0.0178931660079311,0.020285061835397,-0.283665854262348,-0.00740048898263682,-0.53282368446827,-0.0500663075281117,-0.227583922907223,0.0282529862717305,-0.166571695080401,-0.1226061821756,-0.233882354133519,-0.0595793994461391,0.168084469854212,-0.109627009816759,-0.414296308871654,-0.180876397780132,0.181500564868463,0.140306340627301,-0.255858491626676,-0.00551157762581689,0.0708346162890645,-0.0189774775124192,0.906867146340706,-0.0272100045758348,-0.159272997523421,0.0374130526039262,-0.330342011802742,-0.0619988889361767,-0.71434968592822,0.193452198624562,0.317066227989721,-0.0965688680466854,-0.121914009183773,0.0619265559632943,0.294119197066564,-0.0270267366819778,0.0513915948074375,-0.0360054422850139,-0.593100224688389,-0.0814457443637732,-0.00488309575421232,-0.0674957195916165,0.249003128123197,-0.0183603929799208,0.154896736938778,-0.054402646602275,-0.0132371855034809,0.0306259521688031,0.88308820262184,-0.0801909297022839,0.0261774589465841,0.0215545979108137,-1.16042041151675,-0.0143848460938987,-0.564630656462326,-0.114731902531108,-0.145223346477023,0.0906394647522162,-0.0624331460677673,-0.0225219916163176,-0.584932134092176,-0.135396087074281,0.579796984544414,0.0436495652201842,-0.552198800897455,-0.0637927501230195,0.289963621365457,-0.0157811319629282,-0.344222907980421,0.0795179174992993,-0.0389534340519028,-0.0124026214919036,0.267101804227885,-0.147397484447842,-0.192654278496005,0.147192472243853,0.0139947558764564,-0.00978805147507412,0.180163126630824,0.0661010561079561,0.525812142424147,0.0440282468846026,-0.738709683615117,-0.0952269279322349,-0.290398599831322,-0.0327492612843466,-0.0553574996569251,-0.127599890190821,0.0622048889073566,-0.0244050367345062,-0.305808560442161,-0.152745653389936,-0.285943522887501,0.125157583389626,-0.349731624271693,-0.0616336247880802,0.132258202069275,0.141218696403753,-0.472901292088522,0.0267464808409622,-0.0948559503481487,-0.0345136646893268,0.140695758146251,-0.0256890416086887,-0.0370140784548378,0.0419410058501085,0.978174300451449,0.222681269277757,0.0221287475464482,0.038828616359952,0.430313324844537,-0.0358319776238796,0.272697344929744,-0.0556508508023574,-0.121026547723017,0.0688444496884698,0.520427374522816,0.0519014479577965,0.272099413741645,-0.203424065652047,-0.85001074631468,0.0827292236018944,-0.255958964070704,-0.104131969865818,0.445646617512916,0.136305120942692,0.11749591627,0.0323677897286441,-0.0943151260364454,0.179883735176501,0.0626710351468906,-0.1207536127475,-0.809383277334595,-0.132867443302073,0.532635217268008,0.108364111914571,-0.206738959475819,-0.00634128413935927,0.0655422012358836,-0.00336210748864008,-0.154041501177049,0.10164192278062,-0.130422900683576,-0.099770800049049,-0.178799876344073,-0.0429155567060323,0.682070801357798,-0.0130136502101364,0.550797783896397,-0.122941915877693,-0.156686837158543,-0.194168241458138,0.0189311514859681,-0.15411680151598,0.434916689187206,0.138246432729036,0.109879426731091,0.0727636256618613,-0.288861547184895,0.0351983747414237,0.411218629927543,0.00908431028118588,0.0272642802706478,-0.0360695142017416,-0.41720144785064,-0.0181705184002055
0.230915896217739,-0.0505473265066439,0.418704306162109,-0.196075622734452,0.00923966959376153,0.0373420464304881,-0.331954776133817,-0.204633678853532,-0.770815776715453,-0.238377494287276,0.853509520892018,0.0884216912247337,0.0111294375444677,0.0205863090863537,0.297510262125377,-0.0750215931628884,-0.474327834750099,0.0438982279343205,-0.181158282252962,-0.0485697241978012,-0.0145133426980677,-0.0424868960667023,0.572220289772904,0.155035443162084,0.219978262927862,0.0252361309513069,0.0718173026930047,-0.0884456091025624,0.519443807610354,-0.114376316136475,0.433705767361768,0.21230422289301,0.1864396506354,0.0590805314290801,-0.207332756218083,0.0196487652788002,-0.27975556799216,-0.0228943292783264,-0.529763559594345,-0.077251223481212,-0.294141856420662,0.0154180944728322,-0.14966944073118,-0.120123055727218,-0.174459486522224,-0.0667313682945783,0.344662935344989,-0.0933182645427485,-0.291900838489008,-0.192166293799608,0.0866288480898854,0.142806884759588,-0.308290119375688,-0.0203727818129168,0.0232401382548305,-0.0144605564190063,0.785819181471985,0.0208618902355097,-0.28682441144079,0.027854857539555,-0.464308917560662,-0.0729392627379346,-1.07487640429499,0.149165127429925,0.309575849569455,-0.0742876002270223,-0.124881218524211,0.0503630461354343,0.188559474445871,-0.0109213080115035,-0.0124008076453921,-0.0315314803681057,-0.522173688089764,-0.105882444204253,-0.122901405980873,-0.0645194370713648,0.14423447542728,-0.00519022063671679,0.212381142463475,-0.042593443146399,-0.0438242858222108,0.026975250560788,0.888468089553796,-0.0321783086667512,-0.155079936297976,0.0196314290764799,-1.27308249272155,-0.0682905568708682,-0.670573323094262,-0.134186448751719,-0.44551293722774,0.0798943844163075,0.00214881883646251,-0.0242936912112672,-0.548577833814393,-0.159490891166685,0.765729204649797,0.0731437894199569,-0.878202191540018,-0.0886165723815548,0.281018648156557,-0.00277555217940904,-0.483446395929193,0.0571681216179871,0.00319773874023741,-0.0154884775848089,0.42953425403696,-0.126622113970938,-0.385268552221233,0.132994454258316,0.0599187324284151,-0.00740883511790994,0.343427996017044,0.0696815136464827,0.51264172466729,0.0658186393076307,-0.745406786934334,-0.124065962294341,-0.316191810152329,-0.0441067883244102,0.0286316636203405,-0.121605670658148,0.203586921425901,-0.0187031241212286,-0.0967120294438516,-0.157639149540363,-0.364003125701879,0.103601694634479,-0.348116395485722,-0.0752330717647027,0.141768897185706,0.137845071154834,-0.301829860473137,0.00273565424441601,0.0854756368770402,-0.0367877810936502,0.148807373620266,-0.0186142415681222,0.19196927401148,0.038520628262787,0.753326951143442,0.25524580993941,-0.108803538964006,0.0375653364162237,0.467718309499275,-0.0116842870544772,0.241676107395925,-0.0386407095141021,-0.210156409809732,0.0585199907457869,0.545831534121077,0.0735303755985202,0.325949442728059,-0.175581196727418,-0.8256440353424,0.0357392245772014,-0.324477641271001,-0.112559548759087,0.224360948323314,0.148736173288561,0.211917979375419,0.0332200362356901,-0.114038805572905,0.165012024769296,0.217147801518413,-0.111524167934009,-0.666431739395823,-0.16286797925826,0.644744429798248,0.12843266502684,-0.116050010000401,-0.0146952295116513,0.148544372346152,0.00145230206306523,0.0712502985451524,0.0884622350938085,0.118830793922493,-0.0990476554555264,-0.31956361561183,-0.0517692747255795,0.747849865183245,0.0198598896766389,0.560350929370032,-0.0866429027881765,0.00955869735714961,-0.189969281257748,-0.156550315569784,-0.143054278204935,0.533704719638382,0.151359506535476,0.0432822196215658,0.074448273533973,-0.446835023775246,0.0176908656092791,0.345511053662802,0.0295606913849441,0.1484776391123,-0.0334726983124433,-0.438532030932364,-0.0364047202048375
0.282227141140806,-0.0381756237966332,0.459901268334576,-0.164325334613974,-0.163411563756225,0.0357517350607312,-0.150160232331399,-0.211044611593761,-0.572615082464248,-0.263469308347622,0.76826276152673,0.125917435635607,0.09316753134617,0.0202426064667882,0.444791819807089,-0.0600096063970708,-0.611435528584963,0.0207734660449804,-0.107288946026467,-0.055166621300313,-0.108365002091609,-0.0423528238446705,0.516298514878397,0.172801310971975,0.364046531382638,0.0368573265671573,0.0182217929108142,-0.0807290740179075,0.540364304112756,-0.0832769710638098,0.191315360936646,0.217687602441098,0.170242092009626,0.0661254319970975,-0.281564209569648,0.00785921854368288,-0.104424875942045,-0.0354790813077574,-0.351404650256407,-0.100761270933105,-0.270344111508836,-0.00177830687798534,-0.120514592988156,-0.120007603197209,-0.121880659985678,-0.0699446532119948,0.316392011202063,-0.067410242574291,-0.136965756207894,-0.196580206186813,0.00287739712123452,0.141068021750718,-0.164311370598813,-0.0341712753501428,0.0414157351488625,-0.0108369198911833,0.652259377437301,0.0594654892652831,-0.411768808182213,0.013454394426308,-0.435407850662423,-0.0918878124965286,-1.43029301098002,0.0898756968726588,0.176493782315918,-0.0552166281426102,-0.131504315270021,0.039961764834295,0.0400220624724045,-0.00054125426152092,0.1582582004417,-0.0285127729199807,-0.290902527355651,-0.122726686123795,-0.0653261174613314,-0.0658744350478978,0.20448574628427,0.00570535294033904,0.176861481696667,-0.0290075824350096,-0.0664440120504354,0.0216262793213502,0.757567071978673,0.00928035066425201,-0.0353742375041685,0.00781535352703457,-1.17592132544176,-0.127499263104208,-0.494160367800587,-0.160507763912769,-0.408652535056214,0.0526101461677722,0.0820315716575017,-0.0221415882388247,-0.362322758320198,-0.177159409809396,0.486998282585949,0.105631598866056,-0.757002196783028,-0.125774697991335,0.348101903476602,0.0101723176761191,-0.563168759053368,0.031068601639674,0.121115764172311,-0.0147526190113493,0.408507553544219,-0.0997250889458853,-0.406792149767051,0.10676478299997,-0.0476093681673935,-0.00238727570114495,0.259891579438169,0.0829712214814893,0.202569109296619,0.0870351965735018,-0.789594723439265,-0.151014817183165,-0.3202110755512,-0.0558966917676012,0.0105283871701686,-0.113501371950264,0.134691826932229,-0.00655306117338335,0.158721146005766,-0.153280751003868,-0.395508162930979,0.07823824612363,-0.131585602581763,-0.086950226001725,-0.292138741548689,0.135651204237565,-0.309698400151362,-0.0133674171853579,0.00256978078323736,-0.0300211457692695,0.287554629447367,-0.0116631390196122,0.179251579571286,0.047466562931738,0.496026088212863,0.273215189910435,-0.0959022522912413,0.0278600532183642,0.522552209546202,0.00878227358477142,0.273628901967209,-0.0233327426198277,-0.376829662501182,0.0464272195300041,0.239223120414485,0.0938579662741519,0.519557309021571,-0.147064435457653,-0.956021157575993,-0.00626951366610079,-0.201767086217422,-0.120775993623319,0.14367071744476,0.149633688512164,0.0969049613722269,0.0426486082310612,-0.24163037050161,0.147666118297636,0.340787596032947,-0.0949534932915009,-0.717076305862023,-0.185970548068661,0.520899615524672,0.150727857112048,-0.180635450607518,-0.0192316825337885,0.122320936152197,0.00911347568547099,-0.134982574621439,0.0861947171620027,0.0570667451504477,-0.086707315264008,-0.197720777382496,-0.0625820006290052,0.789811189043033,0.054185783685409,0.68256423584215,-0.0531258597283461,0.124130219686628,-0.178226026906443,-0.207592636359128,-0.138953942963461,0.391782523356039,0.167374472561356,0.0772883377872884,0.0706283221502173,-0.556674811646919,-0.00464454370795203,0.211091756611389,0.0457316893521171,0.0357415132608376,-0.0241938952453779,-0.415507204101712,-0.0552104894501214
0.207267489638433,-0.0208964020611329,0.612894288629567,-0.131967116433371,-0.209538432677809,0.026645730065877,0.197067854548507,-0.204576113014989,-0.396289681343051,-0.275953521926198,0.663821767106192,0.153370412790146,-0.0260603670648449,0.0254124469720122,0.366412836756802,-0.0334061666162592,-0.598138349963729,-0.00860276044596975,0.0485108161301531,-0.0594853333648786,-0.156174331350753,-0.0418607127106269,0.574223467032396,0.187349221437023,0.225240217612068,0.0521621688088875,0.0716857570464862,-0.0762155566100863,0.560527586872052,-0.0502753848388854,0.0231719529242447,0.213928621766284,0.0569498480120254,0.0701460031886145,-0.191375339220152,-0.00606763262352012,-0.0312448189241295,-0.0363491175850147,-0.287711818490546,-0.111234975684306,-0.359880322135718,-0.0153310293614072,-0.0618629248416115,-0.118997899697532,-0.00832333490891935,-0.0712916452206076,0.186180774114044,-0.0472904343783856,0.0504714413380923,-0.188771440257204,-0.051323753643438,0.131103252407909,-0.0354607013218302,-0.039654407810212,-0.111950653514861,-0.00776818970157106,0.482813334930601,0.087083819312159,-0.388741239624902,-0.00519634646691291,-0.386629423859849,-0.106980197495047,-1.4029478483448,0.0170281503736794,-0.00130888743358057,-0.0416674834452079,0.0384701366774376,0.034366753655939,0.211906342034963,0.00288351109561164,0.305690266383637,-0.0192121139262271,-0.314791143987852,-0.131139224572979,-0.0422343940263277,-0.0668235110260705,0.154739490272766,0.0142297613258045,0.161962277175658,-0.0178506090228065,-0.134414545835378,0.0178094277667045,0.719444045363453,0.0458004508854451,0.0161269197259708,0.00610525290295005,-1.06185695235509,-0.178565699708344,-0.312849497592343,-0.178262532525903,-0.353462132332491,0.0275861230752439,0.204909046383647,-0.0181035316233463,-0.208553892981572,-0.184921968305067,0.364912582386325,0.121928261105642,-0.57404685698408,-0.156016522194162,0.273868463207117,0.0247112368386501,-0.607389177434994,0.000774944543638947,0.188505066884087,-0.00810626556912983,0.515421911226105,-0.0732647557047398,-0.544502308653886,0.0799335729770375,-0.0230339891507055,-0.00302764102990757,0.107266466447836,0.0919182025950143,0.0299395010759209,0.0879991132152421,-0.775290712375218,-0.179901574522556,-0.537245172446767,-0.0691528029183531,0.123116482375121,-0.105395000334057,0.0322129921016264,-0.00427413323953937,0.19400371430956,-0.138761704702583,-0.44139053632425,0.0564887065412975,0.0928462895081099,-0.0857888500671753,-0.246737627907677,0.112538853231643,-0.18816631233905,-0.0283437149926155,0.0994349792668515,-0.0284814299787316,0.379143270684936,0.0036143378658164,0.0336243899926189,0.0547503745809011,0.372942138960477,0.279165635296316,-0.22451535976576,0.0209493971578278,0.485694863716045,0.0320819514223831,0.163525950094168,-0.00964740174425106,-0.375020977752039,0.0241868573652896,0.234740188836722,0.102124336910617,0.771946631645007,-0.113515328259344,-0.742256788722929,-0.0551878995307557,-0.133774825881454,-0.125738447951009,0.116939777453169,0.147757272874643,0.301914639614414,0.0437625906649702,-0.378819559270746,0.127991073207003,0.489927050950768,-0.0703072004329523,-0.585172290184246,-0.21024465564749,0.150855593427039,0.169026911374447,-0.152269483302982,-0.0280666097171141,0.0397424327502803,0.0128616709021215,-0.518251191651976,0.0752277013306412,0.00164628009390406,-0.0784476719763522,0.040406282622918,-0.0707737020018556,0.777230062169613,0.0897641898419322,0.882842644492742,-0.0199834179949229,0.156571871628744,-0.159807157309263,-0.108238856031399,-0.139459934408182,0.108679056714693,0.175433942034837,-0.0757228635428334,0.0705369831911664,-0.622429241599016,-0.0308831589447002,0.17379041368578,0.0534391970101747,0.0501824728693961,-0.0208327972470513,-0.245602937463552,-0.0707458845992682
0.204599674297188,-0.00734550139454538,0.614237402947192,-0.0950794247320182,-0.213331735995223,0.0127292831566539,0.363231064595345,-0.183932282792923,-0.147296201264297,-0.281790496943736,0.566931054398797,0.178135626280496,0.00433266690907809,0.0187847324199969,0.455455960879587,-0.0124293177892558,-0.546784099288491,-0.0368254918971681,0.0899358709547229,-0.0535076360008352,-0.0199024976622018,-0.0468169680589514,0.417482161439198,0.205551654867989,0.202179845542272,0.0615965957967339,0.358880637213851,-0.0696443725522895,0.486691972174841,-0.0168909769383484,-0.134998698155085,0.203047488042385,0.0306108176758781,0.0698713107674584,0.0473869632625164,-0.0157899732591574,-0.245439591433131,-0.0366041804104897,-0.205133735259885,-0.120833640864065,-0.513382640824054,-0.0334300114473803,0.0474528846129597,-0.114733029027225,0.14733128243465,-0.0673209169453399,0.296893368619079,-0.0346898606628153,0.192565862360263,-0.173487047774169,-0.00907549101189868,0.121707419543605,0.0414410471871591,-0.0365288964931566,-0.294904210085891,-0.0122109085684945,0.476804915056126,0.107063452866766,-0.348270306785811,-0.0239139683410522,-0.348285595161318,-0.118115743535348,-1.45882406744029,-0.0524290133359166,0.040133193692584,-0.0406280359191264,0.0586461053720206,0.0345218147168547,0.290117482067253,0.0133451720851533,0.39274348232543,-0.00434031893063902,-0.151859106527997,-0.137021728578815,-0.0264517289139022,-0.0646356037455669,0.126274993372331,0.0206348641934294,0.270851915999811,-0.00894277109086976,-0.223651827423258,0.00920512092356959,0.538422482574971,0.0790741278684527,0.109630754897291,0.00602324724608139,-0.942571312831106,-0.220866840057118,-0.0649839106911357,-0.183981061367579,-0.0485955311075341,0.00506165422270662,0.12511780750524,-0.00741010449295687,-0.211597446306421,-0.180531064385619,0.181692828882629,0.131823308585024,-0.455667447875815,-0.174947714582925,0.259074231003894,0.0365711941454157,-0.574895478971347,-0.0285207731100829,0.22193999558072,0.00273542433477108,0.203225834170299,-0.0426657659509456,-0.553570075508934,0.048732222188183,-0.0504939117984687,-0.00478926654066453,-0.0450931845572798,0.0904884482421512,-0.0804164929722141,0.0847557104982371,-0.795104127517091,-0.208043097650888,-0.302708046356367,-0.0932600570445004,0.313758400092468,-0.0937751207087866,0.102589441963515,-0.00192395536957499,0.168897379584168,-0.120716258432287,-0.616499072378577,0.0336888821405843,0.263092970740779,-0.0746404399840289,-0.407814715137249,0.0923147927391468,-0.207797923971719,-0.0383128642902289,0.116981668808141,-0.0219445335120322,0.489939686655004,0.023749490688377,0.0246711359458199,0.0537746967424547,0.180402782347166,0.281693136546701,-0.33297848309985,0.0103446376388688,0.475722783659456,0.0531172564398002,0.235705800173148,-3.61036456727349e-05,-0.230189087816957,0.0034999304355555,0.154965465720503,0.107791207600249,0.829174240811683,-0.0690854163804013,-0.748475017879178,-0.0874181230159365,-0.0755187052732958,-0.122571700860293,-0.0949542810627434,0.14591965540511,0.223118669733562,0.0513211671101089,-0.425905951363033,0.104979867827704,0.525716536477378,-0.0405208394533675,-0.235403015053439,-0.226526148663094,0.165489368568892,0.169497929876098,-0.0857115213722327,-0.0349997862060772,0.0572234270113462,0.0129289795149008,-0.567226264872918,0.0447396341818823,0.117966953574576,-0.0761777370197399,0.112937526562561,-0.0632464479496414,0.563094376675273,0.123772229187359,1.04557602301968,0.0248026805640105,0.249153238801917,-0.143361834516086,-0.136384902790461,-0.138913143399371,0.0121487538619866,0.171104063908854,-0.173165647897856,0.0634113637595538,-0.617091189780234,-0.0594937197478065,0.110504625965359,0.0590220588079899,0.104758587638061,-0.0187474875692103,-0.129209594625962,-0.0795283152459918
0.00730048901815786,0.00328811329234055,0.759513040190193,-0.0596373648125728,-0.437530339119397,0.00173424498512893,0.730203569983626,-0.155739045387727,0.152737876776281,-0.273142209862051,0.500826174084647,0.194694593363907,0.106096941571409,0.0216352981865,0.327941218450576,0.010779930252338,-0.469659160377479,-0.0591278608668912,0.143255864437719,-0.0476605997087286,-0.0545691817816314,-0.0458345271917265,0.429728155992402,0.213763639134715,0.0231444474967784,0.0670567098374549,0.251877283622924,-0.0476024012050671,0.500855505000755,0.0055503546424708,-0.342142101408206,0.18425979666713,0.0243037484284099,0.0650804002668404,-0.0142094558596085,-0.0144410708938054,-0.284821894263221,-0.0469297374463836,-0.051041456179491,-0.123850575770092,-0.467839161467977,-0.0553896775381777,0.198101665499731,-0.107216878271051,0.298942872640315,-0.056338555469924,0.329204339813627,-0.0168274781906557,0.354124982980663,-0.155633375184215,-0.276987391603233,0.113742114911821,0.189354690190981,-0.0322132222538284,-0.271594471648386,-0.029892948795955,0.513407052453328,0.123145012974763,-0.381674360286603,-0.0404949273898931,-0.27132916997072,-0.127475781647565,-1.42894353140124,-0.122929547986275,0.0367440342162361,-0.0358712151473106,-0.0586397892025659,0.0358272296335812,0.445880653681344,0.0248394727234417,0.431612373506225,0.0153194298437397,-0.0651893705044077,-0.13625300379815,0.180457060579792,-0.0623788408828511,0.127990087013662,0.0244907612729296,0.128763148057971,0.00430105536138617,-0.125007394221341,-0.00161686481067888,0.387133660113394,0.101368568408816,-0.178751427335766,0.0116303889776026,-0.678183880238852,-0.253917603449962,0.209365720151847,-0.17646504812302,-0.102338658494088,0.000722819295904107,0.0338310107155274,-0.00298880778850664,0.0736363073737909,-0.180864409434861,0.118647147343589,0.133721074679287,-0.276271647924145,-0.187867548966286,0.219798064396506,0.0464196562214677,-0.615220674078889,-0.0522338445887274,0.305361603861309,0.0144109823412342,0.24105238745909,-0.0282256031884902,-0.559629576838241,0.021433672628881,0.0614676547058901,-0.00522121778794916,-0.231199977064575,0.0799393278301123,0.0501775408762893,0.0750394624916272,-0.615352170302454,-0.234740202880915,-0.268528922249534,-0.100515729746108,0.497212788178626,-0.0723630187534222,0.202872901342297,0.00260909557074258,0.320875319320674,-0.106260677026743,-0.593922352889523,0.00180833037201051,0.428691297595483,-0.0601829558742538,-0.42570714119082,0.0661354423815306,-0.136319350967774,-0.045996552493265,0.166392633720665,-0.0168476374126069,0.509703495289039,0.0462446289398836,0.114416091251692,0.0506655997748543,-0.142112264980808,0.274891904202934,-0.483982931212856,-0.00766653460535525,0.46804187950932,0.0741846849400446,0.244333323762071,0.0114126469035106,-0.164525780168697,-0.00913943776333836,0.159101270806428,0.108840724967768,0.672218602109711,-0.0268746168623331,-0.589501254884089,-0.116425709754084,-0.0252881304401607,-0.119367046742228,-0.114058197712697,0.134571906442222,0.157021697773782,0.0577572689820407,-0.410502219714888,0.0764289166182351,0.595397538849186,-0.0142929948546994,-0.184708442268507,-0.22318722546697,0.0978395109741991,0.165184232034984,0.0120897295030453,-0.0383959839719535,-0.00639433404604177,0.0160114389080494,-0.556679862357123,0.0141454656322596,0.206703911134882,-0.0668507063961695,0.118028125650073,-0.0527672660073011,0.320130761296412,0.145061123436602,0.911124042594287,0.0719869766689647,0.414903530721595,-0.122438379943914,0.186739094184712,-0.139486998037609,-0.0599147912303341,0.162121976376076,-0.352435192827375,0.0511753310377659,-0.508838556275149,-0.0845790158146066,-0.0853494370273529,0.0600798287268865,0.213840153200638,-0.0139733198159055,0.0205933521074665,-0.0837874083872037
0.163800875783668,0.00381824035988715,0.682615590131762,-0.0200568477315189,-0.261899441642845,-0.0178729039530774,0.861230832069686,-0.110318987680681,0.25903501427011,-0.248367896904638,0.337336782430376,0.207446321697279,0.0929621836542213,0.0250548567970991,0.231672671447958,0.0249040588859449,-0.423684373095942,-0.0775849201208764,0.147485842728463,-0.0378453278581947,0.117951404809554,-0.0450148228382278,0.27881783580161,0.222385424306841,0.118879977729443,0.0643363096106733,0.212489753226647,-0.0328428318684542,0.615467954474312,0.0307345364758642,-0.400680590493964,0.156122534693911,-0.0140117575434973,0.0619404185351506,0.149828709766342,-0.0143748001552672,-0.264066752947501,-0.0599286984507952,-0.0263828394594191,-0.121727088329987,-0.483119960522577,-0.0728158750326242,0.350651974867603,-0.0932736526319762,0.173184499511936,-0.0393190771148119,0.38155020253457,-0.00339390721872681,0.311282335229155,-0.129221159244272,-0.360100771682827,0.0904247087223619,0.152979475707676,-0.0224400842150429,-0.3871657075132,-0.0432731901183765,0.277982857182174,0.141819399941583,-0.376634059476454,-0.0559723674225258,-0.0724456934002421,-0.132705850138873,-1.32550103076409,-0.186248875400717,-0.0802975105511545,-0.0317805120978511,-0.0375186520440514,0.0304760307022633,0.472833696228946,0.0480316661457613,0.369400299518125,0.0335012512567827,-0.164686392163702,-0.131868828915854,0.139967998947387,-0.0481016050575051,0.00523812873644014,0.0275623477910565,0.120922700651203,0.00784667005903294,-0.10146334702575,-0.0103773975215335,0.459868298254626,0.114518598807384,-0.148453862844673,0.000380761209415995,-0.481780210161051,-0.269811142814749,0.632406973731298,-0.15913511081228,-0.14922532065661,-0.00470864389200827,-0.0858024610821066,-0.00134480516843836,0.23507144790347,-0.168344211028899,-0.0678821271487213,0.130888076643266,-0.203441947966888,-0.188767568897406,0.0737072810445931,0.054371421153042,-0.455765885741957,-0.0784820570737957,0.198425414879311,0.0255189889195285,0.435278351907133,-0.0140166002163208,-0.669456764139092,-0.00802134268351936,0.0352067064654484,-0.00463841238757398,-0.298587096215462,0.0637832867131515,-0.218290200980719,0.0724290206085959,-0.387434772158426,-0.251522330435226,-0.0493508871781192,-0.106195591261193,0.55706916621853,-0.0462086276699546,-0.00176251853991414,0.0120082763399864,0.511606041553146,-0.088072058820036,-0.540305296645189,-0.0261308079144906,0.56085738346705,-0.0395780453008026,-0.35371061798387,0.040304285698147,-0.00752605162840501,-0.0512749710436962,0.354411491239605,-0.00700188701989861,0.556471846293053,0.0681891094603138,0.0568687233663389,0.0537842397654692,-0.22811465624888,0.251918061462655,-0.608528513939897,-0.0331156022005317,0.384307169379433,0.0951532179639164,0.161867289748862,0.0215919324833392,0.0818643244127645,-0.0186164182629388,0.0718682127028536,0.110210208779245,0.588549078420209,0.0081286598160583,-0.403349017213713,-0.137255143326442,-0.020240766309564,-0.114357262430444,-0.149026047791664,0.12218447538524,0.103334631757105,0.0602459564552189,-0.409872004695747,0.0521952412237121,0.509775822177448,0.0175695831380101,-0.0367695693762681,-0.218585612917485,-0.0770790376842095,0.15770499557413,0.0467103721635447,-0.032576461749849,0.18400881160588,0.0133595727692091,-0.422321377907464,-0.0142689713045735,0.293937367320029,-0.050099907924647,0.252895538603766,-0.0448080935996582,0.103138090606811,0.150729594525791,0.842747938332541,0.113158528887366,0.4685100970726,-0.0971631285898031,0.335561708771984,-0.123265282453437,-0.137802253777592,0.151816783910052,-0.615471268074018,0.0310962263208256,-0.418964926466254,-0.104310438502385,0.0155200411629201,0.0540956462357274,0.371912871139432,-0.00219343867047228,0.279676036234677,-0.0765755870992154
0.0826347516256075,0.0123479290294979,0.641505486917415,0.0138709165570866,-0.246860715777981,-0.028483509006037,0.890806922193251,-0.0632088466992772,0.385501955577669,-0.219620830500728,0.0981075764576073,0.210323331968143,0.0279444594512806,0.0312178887118816,0.340308157229643,0.0344881355116519,-0.470294726691227,-0.0922956671201687,0.159203786414192,-0.0265503452081762,0.119440089525624,-0.0354306722447388,-0.0588087495833565,0.223426327723245,-0.0886799762068878,0.0680359967903188,0.170431526685191,-0.0221729310547577,0.534428332601997,0.0579477006864103,-0.491469402177749,0.12848891862889,0.0048098240441531,0.0578532912956869,0.088433658626283,-0.00711400332237259,-0.168210498905973,-0.0711039021628077,0.120636291758198,-0.113502872261651,-0.200715026458274,-0.0895042446781789,0.395023965281261,-0.0677920278387492,0.181169461727454,-0.0288480376304696,0.38183704800471,0.0157303544336926,0.644630865497376,-0.106664068147819,-0.273119515770154,0.0671138041457145,0.329384173904753,-0.0108357854035986,-0.390295379829432,-0.0624344390800411,0.120335975379099,0.149823886944275,-0.182782052240247,-0.0678949894743705,0.0590951558052194,-0.130396850225753,-1.36568896925207,-0.240317186593842,0.103364966689208,-0.0339671596280323,-0.0265436964775395,0.0258031282316509,0.309132394641237,0.0668707082675402,0.240569748102825,0.0492832464011713,0.0818925811889119,-0.132233992304442,0.157986699237393,-0.0374473462969981,-0.0576285598490638,0.0269897219512515,-0.0928765692816602,0.012797079787807,-0.114830159600338,-0.0165657873865917,0.424971682661258,0.131337175075674,-0.212751614822558,-0.00788007422833008,-0.521747127147343,-0.278305681375311,0.510251288915352,-0.119040030167105,-0.220046002062988,-0.0133053502412864,-0.258970034810901,-0.00688744624119863,0.377054252896635,-0.145155818894092,-0.130056141749413,0.120982257655395,-0.0287882095166228,-0.188724723925861,-0.0345091480206183,0.0549612416794798,-0.241619725581428,-0.0946887948741027,0.0536059926558044,0.0333729945572276,0.496804147055267,0.00710341043786607,-0.677597734341329,-0.0392145161383452,-0.0454698616487379,-0.00292943780685584,-0.404524231264333,0.0471399587498071,-0.318989315605181,0.0570791604448879,-0.0466874052047204,-0.257782797967257,0.123570227050675,-0.100437319498273,0.518709950746264,-0.0184212102897139,-0.104968248160252,0.0114870177495596,0.528459019470958,-0.0564590983244842,-0.507241247690576,-0.0546949723104331,0.453403625448937,-0.0142978161186228,-0.385410168173238,0.0227101185272258,0.0118293377328498,-0.04761421852845,0.3519257909004,0.00965711644837569,0.663839675770382,0.0917562684428791,0.0186211466156385,0.0532032728076243,-0.533580686672715,0.224867235334905,-0.644371590391906,-0.0615955314692387,0.339826426576787,0.111288029066344,0.115619131315755,0.0260254437131095,0.0759763525819891,-0.00995695562129024,-0.0392443408153814,0.10705594462489,0.682329188488871,0.0392123626655922,-0.260820684440771,-0.14677251899962,0.191928878458253,-0.110303245515034,-0.218412521218925,0.11000068652853,-0.0929505347978512,0.0602686192922847,-0.305754875944904,0.0274093946811265,0.575763352949025,0.0395753368600249,0.0966757708982916,-0.208962349344975,-0.143012377017634,0.145353191727757,0.0621562118013202,-0.0268993081143092,0.019866916415659,0.0213201225744844,-0.628207512875913,-0.0349635790438161,0.288831512826616,-0.0310823822341855,0.509586554238094,-0.0296657427614526,-0.15253290746054,0.145596731646161,0.75549145002826,0.145719170657171,0.53433378356283,-0.0674128288942885,0.262198868087608,-0.0989076622512012,-0.30611258074701,0.13503400420435,-0.63628485600178,-0.00210358004547886,-0.330944900370555,-0.122687878888916,0.0437908369263677,0.0542270837908071,0.364286866206222,0.0168353277153032,0.387025631744171,-0.0600344428760068
0.0225462382584336,0.0168558366548017,0.547459216207892,0.0478319985811534,-0.24168135267146,-0.0399650872897711,1.13302463749316,-0.0181021455182923,0.609687360020207,-0.188055430971107,0.0390411085041474,0.204229384762183,-0.153661371472852,0.0294394621120888,0.292028980013723,0.0513140536287248,-0.544168180330726,-0.109103563899806,0.266455989702703,-0.0151724443941017,0.154869704025856,-0.0295408645468877,-0.312658424489796,0.207496160513076,-0.0117103596363826,0.0606521005067802,0.226147931034877,-0.011859766878932,0.654104552884434,0.0816904492833602,-0.32929439020295,0.0957947125997,-0.125565982679646,0.0524735524387823,0.149607567639458,-0.00489524305257611,-0.285473392767496,-0.075364522140711,0.112745569163373,-0.0989328356269472,-0.142978906615732,-0.0929080365866689,0.374155645055973,-0.0464533319572833,0.320833412533838,-0.0186783926467061,0.561624219485913,0.0336986907578612,0.738547482142301,-0.0680768992053886,-0.380882897069639,0.0477586959524136,0.470901177153602,0.0038269359417513,-0.376498988647089,-0.0810822379646075,-0.290676353844368,0.146194157415273,-0.0432134808026826,-0.0733890014367682,-0.0964772222571278,-0.120182779678868,-1.20337842396179,-0.292666953551605,0.183548582306479,-0.0278086468814642,0.0498955448610233,0.020820082057458,0.31230765481458,0.0787723938489238,0.196527440947165,0.0566279384813531,0.306758225576,-0.122773053962724,0.172239782350583,-0.0286949473381131,-0.219048416945245,0.0227433132371316,0.0994037273296106,0.00839673267401108,-0.0746464964579887,-0.0239515960166707,0.273358320305067,0.145069936811719,-0.128490566622683,-0.0171441186769536,-0.404070053338423,-0.285114316643052,0.320257077893922,-0.0856186697698087,-0.109724371385722,-0.0243615727800215,-0.451281961479196,-0.0167413609570685,0.403201672119957,-0.120877473556431,-0.109737627822531,0.107878300595185,0.16847757523039,-0.178871799641709,-0.2221971622732,0.0483371464803085,-0.245034317092158,-0.103544524918941,0.154599543922045,0.0325128873744346,0.370956556784626,0.0329824197831274,-0.686517912710135,-0.067215640951086,-0.1430010046931,-0.00499302298186479,-0.473838931844228,0.0242213306656042,-0.514971326544724,0.0401436054335741,0.0192067804104867,-0.243923655365167,0.25090058822918,-0.087566421221099,0.470134615721283,0.00793726691320911,-0.267620520758551,0.00721672649504618,0.407304799327458,-0.0285591488705432,-0.374267946254343,-0.0818690429389844,0.243650958305725,0.00764308595338677,-0.419808374614791,0.00444607579380603,0.0916766662971994,-0.0447201388123213,0.369152896065366,0.0262169529391489,0.686037569532423,0.119513890341059,-0.220203027118989,0.0500510982819108,-0.679455243861582,0.186258283894002,-0.556233299441958,-0.0894886971195644,0.0593516058218649,0.12242663545984,0.08369446293984,0.0307654025089798,0.0761981771635603,-0.00927006737183275,-0.122858682587706,0.10001441682706,0.546707741817486,0.0722445470908326,-0.116811157458604,-0.152506819888101,0.30783077469167,-0.096019763023251,-0.351983916136749,0.0895163996117329,-0.0143971449026032,0.0542747220660626,-0.425385990413373,0.00641354627599311,0.573736364066209,0.0622002469219068,0.335119897797804,-0.191429927412469,-0.112563476177798,0.129870794049539,0.118307843652216,-0.0231990138364211,-0.0023554868590818,0.0223521169184469,-0.611675102790149,-0.0642595276963725,0.306588640847395,-0.0148687032927304,0.420342557631788,-0.00278200662319284,-0.209482100511858,0.129141712560507,0.739495220203733,0.173447661897382,0.652635358006822,-0.0374772809467154,0.318759279047782,-0.0810438200679574,-0.435502098385197,0.111175589997455,-0.311619632225688,-0.03409327335901,-0.248823646536252,-0.131674687537876,-0.0187835131259396,0.0529579223578262,0.312991651848784,0.0332261092126808,0.41436209259731,-0.0408777090721671
-0.167946262350908,0.0176048931837844,0.489369733381702,0.0709749974764195,-0.266039490562999,-0.0516918536281591,1.11732955210546,0.0369572656370271,0.553863683632903,-0.148200150055682,-0.00629611936181203,0.197094663391245,-0.253756702336642,0.0225571228678113,0.193739607142271,0.0626696857332277,-0.325635612649773,-0.128437586324095,0.203462617686938,-0.00238777813235986,0.101671176810994,-0.0209619131773665,-0.578170620645776,0.180839878830786,0.0208822203962109,0.0591733559126365,0.242870611698377,-0.00151753712150225,0.519547175658635,0.110473307415145,-0.519467052549712,0.0743527535895465,-0.44819434055355,0.0423080351685852,0.20280466707272,0.00014407328254463,-0.258744622032664,-0.0820485164724315,0.223062172055539,-0.0888741378787338,-0.00739986359402626,-0.0952756995001431,0.389048376934178,-0.0258922940064504,0.222457029877624,-0.0020454708557654,0.663500050470959,0.0567296388470631,0.887381417726706,-0.0276814273345619,-0.419428962795714,0.0247440307190465,0.554119476918885,0.0273403216737921,-0.163798138485981,-0.0927276053531603,-0.493822910533123,0.123883647280454,0.089660450646873,-0.0711457726176906,-0.0426640053356026,-0.121283456154519,-0.975043065732988,-0.33136498547875,0.212409091174196,-0.017120054298494,0.106732610796344,0.0231318221749029,0.316287667960734,0.0864289971315792,0.085444559614564,0.0649478332112307,0.391764419818605,-0.099254202748175,0.215537827151928,-0.0176875579901219,0.0159849953573305,0.0110298589614796,0.184567007932378,0.0140004926082308,0.0505531585993287,-0.0255952492674512,0.181380704090537,0.151710195172106,-0.251781828373855,-0.023893045360695,-0.263309017923922,-0.288330300771001,0.472464723794277,-0.0634943533454224,-0.0140919044810416,-0.0268750463217538,-0.340210858490631,-0.0385309080291565,0.282349093334711,-0.09634535944147,-0.215904137542408,0.0961067121960933,0.136404392717632,-0.1606815887528,-0.254132674728124,0.0346615717020896,-0.300419400295579,-0.110091155019001,0.307511808135876,0.0389057555025391,0.273862037787736,0.0470047333619659,-0.792167207216065,-0.0975207500132965,-0.190043661375853,-0.0132371830752902,-0.575802845292014,-0.0027963756850176,-0.521813620158833,0.0114183340420926,0.137713453178143,-0.230073827723924,0.366586717389155,-0.0704842584303025,0.362699246874429,0.0322269583263549,-0.413676375094287,-0.00530049797235288,0.35782288263996,-0.00792187178444545,-0.105980229823383,-0.0954704259982873,0.162020716295989,0.0176278378888869,-0.268901211049707,-0.0159249645288323,0.148412663398417,-0.0391142051665814,0.436576152728645,0.0406174553956152,0.404221394586164,0.147412950950277,-0.0929324323468236,0.0352235608120672,-0.712371279176364,0.140712133114235,-0.410138856073251,-0.111973265163803,-0.058151979131003,0.118072449097811,0.232506206508711,0.0314179108992468,0.317054326895258,-0.00343444159139353,-0.0863114901838472,0.0849283556702049,0.554332937808977,0.0954048441615121,0.0543438180439372,-0.15027850322068,0.313279445276161,-0.0752635497448461,-0.524426883887758,0.0647923011553607,-0.0400381635151961,0.0490471823423961,-0.192964560141323,-0.0151679610578804,0.54583975880567,0.088006155225978,0.429286665144832,-0.1653273404365,-0.403887848603756,0.115066476741419,0.349323695490866,-0.0183747258960367,0.234922311387677,0.020564799805688,-0.540210542849803,-0.0896497518797696,0.380454755456391,0.00434108403912893,0.39364953630385,0.0142925626599813,-0.328039202455912,0.113049007119741,0.584387243689845,0.201280624225464,0.762044269828548,-0.0038351233004469,0.252238461355434,-0.0616071746001874,-0.560541874926259,0.0811819390852823,-0.376907099336941,-0.0451298999991461,-0.212297195718655,-0.13794071966919,-0.227392266963316,0.0474071568181026,0.349824760704448,0.0470971100046002,0.287926926320314,-0.0194340193749957
-0.370034508586845,0.00944895909008657,0.567967533203807,0.0897550248889796,-0.162549428073706,-0.063286927509958,1.03304484182038,0.0913643253275429,0.732573063387116,-0.110654550028291,-0.0685280590005982,0.184278751702154,-0.276143209754349,0.0114643143195767,0.282730315388987,0.0665856765375385,-0.226235551712205,-0.132624159041985,0.109005143910657,0.00922171273896132,-0.22488761313041,-0.0162025886527704,-0.611652584690689,0.143602534236605,-0.0985334124968867,0.0565685646710286,0.233575605891102,0.00889847105777136,0.302155794691178,0.129661762356068,-0.498822952446329,0.0427431665264782,-0.468086093226774,0.0181621667257932,0.19969679363435,0.00728122674360207,-0.00111347031990401,-0.0912001466422583,0.489397513164045,-0.0734884656719579,-0.0389002716865581,-0.0895817841927813,0.345339304111981,-0.00754843877403788,0.231296106954829,0.00780260811093856,0.587779660841208,0.0857802309811695,0.965676202528569,0.0177307533392834,-0.303036903872324,0.00453222549331844,0.507181834354669,0.050178806601695,-0.0575668599758221,-0.0966798859772558,-0.705167802120188,0.09278248669199,0.165167647224301,-0.0666275060920955,0.0546610151256777,-0.115705799572006,-0.774689341379184,-0.358191763297004,0.173516441016157,-0.00778957743531201,0.138943690096971,0.0283494937241691,0.240450599804369,0.0973446005770971,0.199704921102115,0.0668285871880591,0.560271876031161,-0.0747400841543514,0.312814219878751,-0.00399065103798639,-0.254276708396502,0.0104428909701566,0.241879323744644,0.0224486325039304,-0.0328934595928682,-0.0220247920857118,-0.00630117560400524,0.148924952602552,-0.260925919338505,-0.0347977627457569,-0.0739453304888823,-0.286095422908529,0.508705125851404,-0.0352809431530812,0.119424124323831,-0.0256686196048084,-0.180872032732099,-0.05323882808306,0.418145490720339,-0.0780359294811772,-0.165054201936547,0.081735288648385,0.049487803956508,-0.142815392820973,-0.375538394069673,0.0196522001668761,-0.394156319394779,-0.118224780108336,0.287201775371621,0.051788599287998,0.391397178987819,0.0618667338977166,-0.760262860899875,-0.129439493612905,-0.276805272548917,-0.0230036267775757,-0.380471163600906,-0.0297441191649553,-0.568584132443429,-0.0135498870695348,0.341514251320292,-0.211205993747207,0.313177533256987,-0.048156286613303,0.14070999831361,0.0488930641724617,-0.454861914459859,-0.0239999543846156,0.544852461964442,0.00813924626590139,0.056054371221047,-0.0949659884814785,0.257089682099902,0.0261549408904644,-0.229254034317465,-0.0276921487380172,-0.0156524789374937,-0.0299402105408464,0.234667681631846,0.0584934993912416,0.164844760160623,0.157111324971449,-0.141689457700543,0.0275322639287821,-0.584603372099697,0.0969399995405324,-0.288670190818277,-0.126857143921916,-0.0663737759324018,0.10923866879539,0.250247710009637,0.0400412933359242,0.431756551432554,0.0121077269589193,-0.0981799712685639,0.0763674563329836,0.56521456237959,0.11645526662176,0.263934674980961,-0.138280497017079,0.206396424467592,-0.0558207573781558,-0.525140681755575,0.0377741647975473,-0.0981942099232888,0.0445004817503884,-0.117842713180488,-0.0237248904961063,0.44566877084318,0.108706757918105,0.564524349164684,-0.132641392475064,-0.31063484910513,0.0902013108314119,0.317860214745109,0.000259545890442169,0.420400652062978,0.0284753736134196,-0.402945813592565,-0.111797021105992,0.308286544971956,0.0238177390515385,0.359632788705902,0.0313156738537298,-0.368640539029845,0.0911362048267427,0.35202020013668,0.217692303683764,0.687551766391963,0.0345250868780147,0.196377628685886,-0.0455658757426633,-0.666097429032202,0.0500692898019359,-0.335126852848509,-0.0620437638492229,-0.0458593762576264,-0.141169739244878,-0.292655032168028,0.0353977976644059,0.255268078701625,0.0612400841463857,0.294200276963356,-0.00656762047783826
-0.387840495286925,-0.0126992852591998,0.543059221997732,0.109850469219684,-0.109349386587325,-0.0640989305791873,0.896360093993599,0.134512340226449,0.855309756343208,-0.0689955356463877,-0.15652287744824,0.17252666303642,-0.420844027423181,-0.000780769460694465,0.282019343100894,0.0779912325955484,-0.203987093974483,-0.133611172172704,-0.0308773650593093,0.0149129068575056,-0.180801283262159,-0.0251390774271838,-0.674911554455169,0.108017510595136,-0.116391656196471,0.0492249273366096,0.321734981754804,0.0184727717620117,0.396154957284407,0.136384905865143,-0.812941087215183,0.0166028517176966,-0.385532960129128,-0.00575050971727481,0.211699685869567,0.0174967610615898,0.105614820340363,-0.0857362293007506,0.617047567280252,-0.0472989425419117,0.0892701909336305,-0.0873617315968996,0.20232793352834,0.0104208214488376,0.240098816793744,0.0195651151918025,0.433600734516348,0.108536411427876,1.03827677120448,0.0628863135651877,-0.460508220687122,-0.0143377043559194,0.502781318169939,0.0728855732531941,0.11275250338916,-0.095195053339064,-0.691834317100082,0.0506605550044185,0.259109984147818,-0.0573705448567726,-0.0112964635237502,-0.107009295467175,-0.628990166609326,-0.375274852412395,0.237554446197428,0.00448226182218335,0.173207483412425,0.0330297728072917,0.230528965494328,0.105554643882745,0.134317985088372,0.0752959679702979,0.591596128621012,-0.0433199055296762,0.201185151943106,0.014265407127965,-0.177060267278073,-0.00456744552655965,0.225992537698744,0.0340164129999215,-0.036538080428264,-0.0240174407525033,-0.0688872459545652,0.1375003668775,-0.110383028007522,-0.0474890942725519,0.286151771235606,-0.272412649714837,0.507933595298113,-0.00835374555071632,0.126433230124389,-0.0197022302897243,0.0570501273246971,-0.0594210019039556,0.321777192951458,-0.0547552389173838,-0.190944894613827,0.0698587935520889,0.127213467690228,-0.134250739193653,-0.371328980968504,-0.000239814411709602,-0.48998627618822,-0.130720233803355,0.273093759982866,0.0664411260026747,0.275522249328395,0.0776806753211736,-0.643390293568253,-0.158399788177083,-0.371091592573327,-0.0346261676496002,-0.206659468389222,-0.0466178555779016,-0.364681427834346,-0.0371740954109405,0.596775541702772,-0.180309995611225,0.278969447852256,-0.0293353623476965,0.122709742308547,0.0526795047282163,-0.558850779378292,-0.0434829945287907,0.367968253514844,0.0343406655525476,0.164016311322946,-0.0886238247112529,0.0059114462524183,0.0377838539821864,-0.0838367035135766,-0.0347575122141159,0.0169525234335283,-0.0292342847706185,0.0111836240949917,0.0672320492092917,-0.0878256740139192,0.155584930786121,-0.100916927990959,0.0219525391936272,-0.603982410066256,0.0601943847628141,-0.0770022955288715,-0.132310505794903,-0.349231483418076,0.098875343335972,0.0364307748748709,0.0533166296155132,0.547475204312812,0.0298514740984017,-0.19261214874823,0.0660911119262239,0.310911680791089,0.136254288968402,0.416167717581154,-0.11672050765669,0.250687868345479,-0.0436148104054238,-0.580202180155752,0.00908729403327958,-0.339838347358666,0.035125237359954,-0.082466530400317,-0.0261069289872746,0.135706682883905,0.124251043983121,0.622106821326697,-0.0987955981543228,-0.357191659861869,0.065977354914141,0.469101937813423,0.0183686252183253,0.398875906268542,0.0452974681489246,-0.176132595693069,-0.123289730222343,0.390287263834431,0.0373270820772635,0.246268220651525,0.043587302623627,-0.472585703822444,0.0688144369453,0.196070169017239,0.224890293764212,0.967834590601439,0.0665365055359688,0.377913617740384,-0.0341429191163202,-0.683618749664984,0.0142179604129642,-0.320297389231731,-0.0709633056184466,0.253597472183606,-0.134601845509613,-0.323216444708136,0.0181388333899978,0.191127077025071,0.0676065723627837,0.0734144363249359,0.00529368184162124
-0.364799560849704,-0.0316865378944248,0.548976202128572,0.129778964013388,-0.330659746350284,-0.0666915549498338,0.653552289824405,0.171749046574669,0.878118082506161,-0.0211751111668021,-0.111326627700462,0.156880657018444,-0.376379635823914,-0.0211659723459315,0.282662878685263,0.0886291285478819,-0.140559064134312,-0.134454612318119,0.0340160486782171,0.0114124484173658,-0.215263173456692,-0.0303565270078591,-0.773807876802696,0.0668924241842816,-0.135892541840347,0.0417152368304517,0.480989836710117,0.0333833520340027,0.293031723624624,0.148334750870836,-0.716215006004967,-0.0212773480905674,-0.2686467979985,-0.0219844446560504,0.3088275590091,0.0278867357393605,0.0238639087290859,-0.073817066840175,0.642445131647739,-0.016364533308929,0.268200023175259,-0.0771743839576848,0.0464682220509616,0.016997271217954,0.150928880833382,0.0312654741000345,0.0947941793905463,0.121594378252446,1.05794500497504,0.110468764751855,-0.404745150490725,-0.03472608187545,0.524592437683868,0.0938780664563744,0.400687875030291,-0.0856232275062198,-0.869343713726016,0.0130459366433259,0.346196447002188,-0.0425655115402146,-0.155638057944106,-0.10149976850064,-0.43255323230601,-0.383283576714838,0.212266240109184,0.0138021750781142,-0.0553520280640755,0.0369522233633538,0.17073183010467,0.110821337648949,-0.0209978291827337,0.0794814419565494,0.593525260532116,-0.0119916103967776,0.086017293364841,0.0232080508312882,0.114118953322135,-0.0149774709097992,0.215812484032683,0.0429980739932724,-0.0268811222100758,-0.0245745496468523,-0.14459113530124,0.123741343538056,-0.170785764230248,-0.0479899400805424,0.315174989071857,-0.24140159140794,0.523433780637799,0.0166823862512138,0.0967381038898078,-0.0131778770571778,0.128867249097312,-0.0519821348918471,0.386143740647951,-0.0360442427660695,-0.257247814164701,0.0559433037540366,0.196234226325632,-0.122389810148407,-0.366930994073155,-0.0200756717852565,-0.27089423635611,-0.148420635296079,0.268425244109047,0.0760794308707892,0.194261458919966,0.0872272817742603,-0.545633575043177,-0.18111759064834,-0.468912194066209,-0.0523097628446921,-0.185500360037572,-0.0559743391019246,-0.188288556757505,-0.0551285291575914,0.650160775436792,-0.14033112389539,0.460645278778091,-0.0120984570768938,0.148441254819395,0.0565206098815765,-0.497818942680933,-0.0691591343233286,0.355435627167017,0.0479569247568591,0.24969542016097,-0.0769351672689338,0.113889151323534,0.0360515946483274,-0.0988482795130553,-0.0354632657066562,0.0382176402341988,-0.028973599723225,0.118117058576352,0.0654190034790388,-0.22162506586314,0.143463922719633,-0.0190607280664356,0.0189267535537394,-0.450426308089091,0.0259069249609823,0.144537558140673,-0.130942984229536,-0.311190200871436,0.0761231346661052,0.212123184899836,0.0526105788141933,0.652449751260195,0.0566553179162452,0.000425014369287017,0.0518171043827459,0.0696120772885601,0.143337752996193,0.544463416313448,-0.0891468621606492,0.231091451350112,-0.0289869361587398,-0.66767696452749,-0.0154363915910988,-0.334097730569876,0.0174087611331736,-0.0998009924474612,-0.0296970075835345,-0.00208815178733165,0.122482773793187,0.845248412323707,-0.065772398817122,-0.404797610409784,0.0455993521271042,0.660229600075579,0.0386972796233298,0.365568172909994,0.0635247701282042,0.058075690207703,-0.125334064007739,0.272853738946383,0.0542560764509492,0.322641201364402,0.0564782659425683,-0.611291071847575,0.0416888095029804,0.052969341159057,0.219574667253701,1.05581656553473,0.107766136035843,0.474977597943705,-0.0162364031042228,-0.659457750821659,-0.0178171771823639,-0.265343776134131,-0.0793923871663757,0.424205510197551,-0.116371804267531,-0.352649867544102,0.000704345861705919,0.171288415393075,0.0729670516018619,0.015333141087159,0.00830330702105645
-0.269647533961118,-0.0443834937495699,0.411079952055592,0.145902246078554,-0.356061400178964,-0.0744636366583881,0.657768584073247,0.192014687747966,0.800650430356513,0.0196275413307567,-0.29691755326796,0.142875371901692,-0.406246014240602,-0.0382842636160104,-0.0145470407839007,0.0985698025040591,-0.15716048817,-0.136948521903012,0.188036439199545,0.0119245630009529,-0.197240695500618,-0.0441383079455481,-0.772080234362891,0.0251644995556971,-0.245454990881735,0.0322067650527949,0.605919142085625,0.0568751562900416,0.051812785701219,0.153630726388603,-0.840600225179988,-0.0548658462865855,-0.248935247627082,-0.0349789282645524,0.41438532157807,0.0432275959027485,0.153095146012554,-0.06919933783771,0.640121526777597,0.0163235509612253,0.428595741425095,-0.0599676127005013,-0.0711832665523112,0.0195952131612828,0.180243872934123,0.040172483218883,0.146307670319398,0.119749514874863,0.975142008671689,0.156364318422468,-0.318922553250681,-0.0533178370441136,0.50733992971847,0.112891048263756,0.536102855884461,-0.0595337278097421,-0.970581205730985,-0.0286770595425908,0.545399026090943,-0.0215491009017421,-0.00793845077042529,-0.104583046214452,0.00595230649067452,-0.3811969426539,0.148984556720199,0.0250491878788809,-0.245392550084165,0.0319389013298517,-0.0286443550536286,0.113085551807365,-0.00594059895248456,0.0734803375971361,0.558743544632396,0.0152702237324256,0.211630513155513,0.0255094724727836,0.116507453365415,-0.0114940642730356,0.227818641465049,0.0498215295494865,0.00318548695925336,-0.0243117888844224,-0.20709201681092,0.108956000012461,-0.281296037243377,-0.0555812085949797,0.48496739029894,-0.213443967057065,0.581038526373486,0.0398982504714803,-0.0035696599824984,-0.00961093526731382,0.181973803364871,-0.041391154543565,0.330217981982416,-0.0142131694277413,-0.207887102341154,0.0417864014401651,0.278581114238889,-0.102367460917996,-0.190559656302467,-0.0385200483283948,-0.174375074911182,-0.151646663540493,0.174160703116464,0.0838077620524888,0.0663758502013157,0.0908813034408319,-0.566764402570075,-0.198049777732714,-0.317634904933755,-0.0703813998068967,-0.245556799841945,-0.0616004707597571,-0.148541565332471,-0.0618024263633018,0.623582731546977,-0.099744567443574,0.339020596349946,0.00908633212368847,0.0782699423447145,0.0587893163191051,-0.425529903954815,-0.0882071134732717,0.220653818608865,0.065260415726163,0.342103620874245,-0.0619242735117299,-0.00214547975900791,0.038913603623052,-0.0834690069714609,-0.0375523124902459,0.102793545773049,-0.0266056653206342,0.21993624960321,0.0671201391760297,-0.192178025251128,0.123222061024601,-0.183743070670924,0.0175546471626512,-0.443291556272855,0.00226882038940067,0.356616945911412,-0.11686788223126,-0.450037796667838,0.0578854842549105,0.0621879790083381,0.0615927982695985,0.641661511262848,0.0861003731622826,-0.111574246599992,0.0510115265432549,-0.211953538161962,0.13713168337361,0.747284083499819,-0.0578906958741096,0.293897229247246,-0.0166576728725546,-0.621857791441888,-0.0485342898565718,-0.323282419331833,0.00170334598796365,-0.0927157565933246,-0.0322037860439812,-0.0304719117299,0.113747042334654,0.828724303773344,-0.0204935397299524,-0.363877993700197,0.0244251401004824,0.692629472180156,0.0710281184052467,0.158918640194655,0.0777848407378302,0.13904775312469,-0.116439287733571,0.27562958562197,0.0644979478292269,0.212651443679426,0.0713271869161603,-0.462617074982984,0.00760785834556611,0.011122322004375,0.209351384202415,1.00330702537687,0.152542001016968,0.523508222181818,0.00570138782271851,-0.625781382844014,-0.050472519167416,-0.0632363465344356,-0.0879566947041659,0.590100969179107,-0.0869165674727905,-0.385444120816257,-0.0179478207783388,0.387099205420646,0.076703570888871,0.0471630432948565,0.00687751244712049
